tree
version=v4
num_class=1
num_tree_per_iteration=1
label_index=0
max_feature_idx=292
objective=binary sigmoid:1
feature_names=Column_0 Column_1 Column_2 Column_3 Column_4 Column_5 Column_6 Column_7 Column_8 Column_9 Column_10 Column_11 Column_12 Column_13 Column_14 Column_15 Column_16 Column_17 Column_18 Column_19 Column_20 Column_21 Column_22 Column_23 Column_24 Column_25 Column_26 Column_27 Column_28 Column_29 Column_30 Column_31 Column_32 Column_33 Column_34 Column_35 Column_36 Column_37 Column_38 Column_39 Column_40 Column_41 Column_42 Column_43 Column_44 Column_45 Column_46 Column_47 Column_48 Column_49 Column_50 Column_51 Column_52 Column_53 Column_54 Column_55 Column_56 Column_57 Column_58 Column_59 Column_60 Column_61 Column_62 Column_63 Column_64 Column_65 Column_66 Column_67 Column_68 Column_69 Column_70 Column_71 Column_72 Column_73 Column_74 Column_75 Column_76 Column_77 Column_78 Column_79 Column_80 Column_81 Column_82 Column_83 Column_84 Column_85 Column_86 Column_87 Column_88 Column_89 Column_90 Column_91 Column_92 Column_93 Column_94 Column_95 Column_96 Column_97 Column_98 Column_99 Column_100 Column_101 Column_102 Column_103 Column_104 Column_105 Column_106 Column_107 Column_108 Column_109 Column_110 Column_111 Column_112 Column_113 Column_114 Column_115 Column_116 Column_117 Column_118 Column_119 Column_120 Column_121 Column_122 Column_123 Column_124 Column_125 Column_126 Column_127 Column_128 Column_129 Column_130 Column_131 Column_132 Column_133 Column_134 Column_135 Column_136 Column_137 Column_138 Column_139 Column_140 Column_141 Column_142 Column_143 Column_144 Column_145 Column_146 Column_147 Column_148 Column_149 Column_150 Column_151 Column_152 Column_153 Column_154 Column_155 Column_156 Column_157 Column_158 Column_159 Column_160 Column_161 Column_162 Column_163 Column_164 Column_165 Column_166 Column_167 Column_168 Column_169 Column_170 Column_171 Column_172 Column_173 Column_174 Column_175 Column_176 Column_177 Column_178 Column_179 Column_180 Column_181 Column_182 Column_183 Column_184 Column_185 Column_186 Column_187 Column_188 Column_189 Column_190 Column_191 Column_192 Column_193 Column_194 Column_195 Column_196 Column_197 Column_198 Column_199 Column_200 Column_201 Column_202 Column_203 Column_204 Column_205 Column_206 Column_207 Column_208 Column_209 Column_210 Column_211 Column_212 Column_213 Column_214 Column_215 Column_216 Column_217 Column_218 Column_219 Column_220 Column_221 Column_222 Column_223 Column_224 Column_225 Column_226 Column_227 Column_228 Column_229 Column_230 Column_231 Column_232 Column_233 Column_234 Column_235 Column_236 Column_237 Column_238 Column_239 Column_240 Column_241 Column_242 Column_243 Column_244 Column_245 Column_246 Column_247 Column_248 Column_249 Column_250 Column_251 Column_252 Column_253 Column_254 Column_255 Column_256 Column_257 Column_258 Column_259 Column_260 Column_261 Column_262 Column_263 Column_264 Column_265 Column_266 Column_267 Column_268 Column_269 Column_270 Column_271 Column_272 Column_273 Column_274 Column_275 Column_276 Column_277 Column_278 Column_279 Column_280 Column_281 Column_282 Column_283 Column_284 Column_285 Column_286 Column_287 Column_288 Column_289 Column_290 Column_291 Column_292
feature_infos=[-75:99] [-69:94] [-77.75:94] [-74.25:99] [-34:99] [-17:123] [-89:92] [0:166] [5:810] [0:152] [0:1] [0:60] [0:1] [0:120] [0:1] [0:180] [0:1] [0:60] [0:1] [0:120] [0:1] [0:180] [0:1] [0:60] [0:1] [0:120] [0:1] [0:180] [-390:24] [-27.771428571428569:57.771428571428565] [-25.715394566623541:152.57142857142856] [-47.021081576535288:77.502380688738796] [-50.227799227799224:77.502380688738782] [-77.15952354588164:107.99922779922778] [-30.195128383925415:160.27089772430361] [0:26.414037724075598] [0:52.993599296122774] [0:7.5] [0:11] [0:43.25] [0:123] [0:27] [0:27] [0:25] [0:350] [0:1] [10:315] [-116.69453031245484:63.915533618923455] [-10.95104895104895:21.412987012987017] [-54:70.61818181818181] [0.0024660912453760789:1] [0:738] [0.0061728395061728392:1] [0:745] [0:1430] [0:1430] [0:174] [0:174] [0:65] [56:95] [53:95] [56:95] [52:95] [54.5:95] [54.5:95] none [0:17] none [48:94] [47:93] [40:86] [43:85] [47.5:93] [42:85.5] [1:17.5] [0:13] [0:14] [46.5:89.5] [0:9] [45.5:90.25] [46.75:89.25] [48:94] [47:93] [40:86] [43:85] [48:94] [40:85] [17.375:78.5] [0:9.25] [18.25:78.5] [16.5:79] [20:79] [18:81] [16:78] [15:79] [20:81] [15:78] [1.875:34.75] [0:8.5] [1.75:30.75] [1:38.75] [3:46] [2:54] [0:22] [0:25] [4:54] [0:22] [1.2499999999999969:351.25] [0:177.5] [10:355] [10:360] [10:360] [10:360] [0:350] [0:360] [20:360] [0:340] [2.875:8] [0:3.75] [2.75:8] [2.5:8] [3:8] [3:8] [2:8] [2:8] [4:8] [2:8] [3:7] [0:3.5] [2.75:7] [3.5:7] none none [1:7] [2:7] none [1:7] [0:100] [0:100] [0:100] [0:100] [0:100] [0:100] [0:95.5] [0:100] [0:91] [0:59] [0:59] [0:100] [0:100] [0:100] [0:100] [0:100] [0:100] [0:100] [0:100] [0:100] [0:69] [0:69] [0:5] [0:5] [0:5] [0:5] [0:5] [0:5] [0:5] [0:5] [0:5] [0:5] [0:5] [0:6] [0:6] [0:6] [0:6] [0:6] [0:6] [0:6] [0:6] [0:6] [0:6] [0:6] [0:100] [0:499.5] [0:100] [0:999] [0:100] [0:100] [0:252.75] [0:999] [0:100] [0:493.5] [0:993] [0:53] [0:499.5] [0:100] [0:999] [0:10] [0:99] [0:251.25] [0:999] [0:7] [0:496.5] [0:993] [0:27] [0:549] [0:27] [0:999] [0:27] [0:99] [0:274.5] [0:999] [0:27] [0:549] [0:999] [0:29] [0:29] [0:29] [0:29] [0:29] [0:29] [0:41] [0:41] [0:41] [0:41] [0:41] [0:41] [0:100] [0:999] [0:100] [0:999] [0:100] [0:999] [0:549.5] [0:999] [0:100] [0:999] [0:999] [0:10] [0:0.75] [0:25] [0:2] none none [0:10] [0:25] none [0:0.75] [0:2] none [0:2.25] none [0:3] none none [0:1.25] [0:3] none [0:2] [0:2] [-23.081421906443204:18.941170361358598] [-12.892545659532393:32.387273457577244] [4.5:46.5] [4.5:76.5] [54.735340191163012:95.412793109266914] [0.29954954954954954:0.83333333333333337] [0:0.76000000000000001] [0.29875518672199169:0.46666666666666667] none [0.28602150537634408:0.46666666666666667] [0.33540991776725643:0.66666666666666663] [0.33350305498981669:1] [0.23765432098765432:0.3434518647007806] [-3.5833182482007264:1.3507926683081468] [50.02406287111635:96.599632419758933] [-3.5387412645491341:1.9912822542577708] [48.914803675274214:95.894227358804244] [49.469433273195278:95.592944531964335] [-4.8371562638270174:6.6994629165845527] [50.034380466684929:97.33186029861001] [-4.3925104245425182:7.5814880207305864] [49.027743995808571:96.367312405202256] [49.53106223124675:96.160702749979052] [-43.5:90] [-8.6999999999999993:14.666666666666666] [0:22.133333333333333] [0.875:35.125] [0.10169300671942967:0.99997541951832192] [0:1] [-0.9999994220246925:0.99998555065071859] [-0.99997919295908233:0.9999907524084426] [1:12] [0:11.066666666666666] [9.5:19]
tree_sizes=5137 5258 5459 5255 5367 5161 5264 5359 5160 5145 5272 4940 5263 5051 5479 5374

Tree=0
num_leaves=47
num_cat=0
split_feature=80 137 263 109 156 289 288 54 212 104 107 74 97 191 31 18 54 14 233 66 274 279 195 55 59 86 220 90 96 80 260 55 29 66 274 98 30 0 29 99 196 109 96 13 54 274
split_gain=3.89598 5.58303 5.49693 5.62365 4.46852 6.00246 6.4116 6.13698 7.54779 6.03916 8.90402 7.55504 10.4924 6.7327 6.51973 6.65615 6.44608 6.33297 7.43915 5.58361 8.29262 4.77612 6.78216 4.74749 4.26076 5.61094 5.17908 5.98568 8.41741 6.40363 5.82652 5.49223 5.5179 4.84631 7.17735 6.65513 4.42732 4.19182 3.89626 3.72444 3.72357 3.69294 3.62686 3.50188 3.41676 3.31787
threshold=78.875000000000014 62.500000000000007 83.399022677571793 116.25000000000001 49.500000000000007 0.36447543099728863 -0.8041866928211282 732.50000000000011 1.1250000000000002 7.5000000000000009 110.62500000000003 6.2500000000000009 6.8125000000000009 6.5000000000000009 1.3173913043478263 0.10416666666666667 792.50000000000011 0.041666666666666671 67.500000000000014 1.0000000180025095e-35 -1.8846339679850443 -1.7277233645148782 55.500000000000007 797.50000000000011 83.500000000000014 74.500000000000014 4.5000000000000009 64.375000000000014 61.500000000000007 70.625000000000014 0.7922904976245625 827.50000000000011 0.34285714285714336 1.5000000000000002 -1.6363982335474581 1.2916500000000004 0.16783216783216778 78.250000000000014 1.7394957983193284 7.6250000000000009 1.0000000180025095e-35 141.25000000000003 72.500000000000014 7.5000000000000009 827.50000000000011 -1.9869737817830868
decision_type=2 2 2 2 2 2 2 2 2 2 2 2 2 2 2 2 2 2 2 2 2 2 2 2 2 2 2 2 2 2 2 2 2 2 2 2 2 2 2 2 2 2 2 2 2 2
left_child=2 4 24 -4 5 7 -7 8 23 11 14 19 13 41 15 -11 -14 -15 -19 -9 40 22 -18 -2 25 26 30 28 29 44 33 32 -32 35 -35 43 -31 -38 42 -8 -21 -13 -6 -1 -28 -10
right_child=1 -3 3 -5 38 6 39 9 45 10 -12 12 16 17 -16 -17 21 18 -20 20 -22 -23 -24 -25 -26 -27 27 -29 -30 36 31 -33 -34 34 -36 -37 37 -39 -40 -41 -42 -43 -44 -45 -46 -47
leaf_value=-0.0068492507585276238 -0.012696851786816949 -0.02214985796197938 0.0012599144730162043 -0.042420239390315653 0.041138181493696802 0.036885836810518283 -0.012675464686744048 0.0058517181333624813 -0.039761848375412912 0.012062306808491949 0.048395622157317478 0.056132950818405573 0.011821224371889266 0.025186583628257264 0.036181536368276 -0.025511756235360492 0.012716711460983103 -0.041493825953099264 0.016027382198102024 -0.058445502520306329 0.0057551481365774359 -0.048384003291952617 -0.037024838747003123 0.027063975703985783 0.026246304790000227 -0.026842816983768537 0.038152479396202005 -0.03174289806451553 0.033888007297261873 0.0022408370496295751 0.028209069744263279 0.044272000660724328 -0.010528385115982199 0.035352097271194566 -0.017649908230315436 0.020503492702952097 -0.043657966090542906 -0.0048988090629862755 -0.003833809221973706 0.015901608041418096 -0.0195732599624798 0.017801041459269439 0.010003330408373035 -0.037671718211344213 -0.0067977256970217868 -0.0099222501353978323
leaf_weight=19.283930602949113 15.077385964803399 19.542905112728477 12.550432309508325 16.655753980856389 19.13784852810204 23.065987383015454 17.672400493174791 19.427100971341133 22.243956417776644 29.569872904568911 14.951090023852883 12.973285758867862 20.791173726320267 19.741261767223477 13.088834023103116 18.193937080912292 14.443724809214475 10.411746486090125 10.282998772338031 14.576895335689189 13.316359909251331 11.135113174561409 11.44138776231557 13.165275900624691 11.998226346448062 21.63307343237102 7.8848545234650356 21.808024511672556 12.220851894468067 15.704109755344687 16.545862574130297 14.285441666608675 18.49588652793318 15.128442865330728 9.779167269356547 11.155711522791533 19.296835930552337 11.052771186456082 14.507138902321456 28.473049622029066 12.64374754577875 13.91524576442316 19.050845872610807 17.664246501168236 7.573824574239552 16.983331623021513
leaf_count=129 97 122 78 126 109 126 102 125 148 150 102 79 146 105 85 155 109 88 73 100 84 85 83 88 70 121 81 136 67 95 99 109 148 122 86 74 154 70 88 158 80 103 111 154 87 118
internal_value=0 0.00335976 -0.0040741 -0.0242298 0.00451355 0.00267778 0.0159473 -0.000158969 -0.0134865 0.00332588 0.0151137 -0.00155685 0.00543696 0.0187281 0.00628636 -0.00247987 -0.0100966 0.00554401 -0.0134908 -0.0160016 -0.0263635 -0.0223931 -0.00982875 0.00612928 -0.00164688 -0.00314749 -0.000682915 -0.00935351 -0.00239527 -0.0100306 0.00610938 0.0192025 0.00803769 -0.0028764 0.0146645 -0.0120726 -0.0192914 -0.0301491 0.0180565 0.00492068 -0.0417231 0.0376452 0.0262578 -0.0221893 0.0170546 -0.0274107
internal_weight=0 469.824 280.717 29.2062 450.281 397.585 69.2114 328.374 67.4699 260.904 75.8037 185.1 125.136 67.3245 60.8526 47.7638 57.8114 40.436 20.6947 59.9641 40.537 37.0202 25.8851 28.2427 251.511 239.513 217.88 95.5413 73.7332 61.5124 122.339 49.3272 35.0417 73.0115 24.9076 48.1039 46.0537 30.3496 52.6958 46.1455 27.2206 26.8885 38.1887 36.9482 15.4587 39.2273
internal_count=5025 3019 2006 204 2897 2589 386 2203 451 1752 492 1260 871 448 390 305 423 266 161 389 264 277 192 185 1802 1732 1611 690 554 487 921 356 247 565 208 357 319 224 308 260 180 182 220 283 168 266
is_linear=0
shrinkage=0.05


Tree=1
num_leaves=48
num_cat=0
split_feature=108 288 166 274 115 58 58 30 117 98 39 282 16 26 107 286 97 189 39 288 278 189 275 203 41 58 28 33 187 74 48 210 157 12 54 58 39 197 210 1 157 201 283 260 291 54 283
split_gain=2.74684 4.85335 4.14515 4.42802 5.97855 6.82024 7.8383 4.12142 6.67571 6.64135 6.57391 7.27068 6.30404 6.16962 7.64466 5.29329 5.09892 4.91873 4.63597 5.18522 4.49656 6.70922 10.0826 4.47799 4.47466 5.49548 4.32265 10.877 4.26464 3.9836 3.88079 3.73144 5.55672 5.10804 6.32137 6.316 4.20184 4.86041 4.02496 5.84257 4.27388 3.41015 3.24432 5.68955 3.08906 2.97394 2.85152
threshold=8.7500000000000018 -0.98803845231459242 4.5000000000000009 -1.4572262118882033 135.00000000000003 16.500000000000004 10.500000000000002 -0.48251748251748222 7.5625000000000009 0.31250000000000006 0.44722222222222224 -2.7499999999999996 0.37500000000000006 0.069444444444444461 113.12500000000003 0.32543593033125001 6.4375000000000009 19.500000000000004 0.88194444444444453 0.90892735371523092 80.383758973611364 7.5000000000000009 87.422343167196914 5.5000000000000009 9.5000000000000018 14.500000000000002 1.0000000180025095e-35 -0.61698841698841689 2.2500000000000004 8.7500000000000018 3.6337586169165119 4.5000000000000009 21.500000000000004 0.062500000000000014 812.50000000000011 16.500000000000004 0.89898989898989912 2.5000000000000004 1.5000000000000002 83.250000000000014 6.5000000000000009 50.750000000000007 -0.12132352941176469 0.93585010749019837 0.86100386100386117 767.50000000000011 -0.20416666666666664
decision_type=2 2 2 2 2 2 2 2 2 2 2 2 2 2 2 2 2 2 2 2 2 2 2 2 2 2 2 2 2 2 2 2 2 2 2 2 2 2 2 2 2 2 2 2 2 2 2
left_child=7 -2 3 29 -5 6 -6 13 10 24 26 -12 16 17 15 -15 -11 -1 19 23 -13 45 -23 42 25 -10 27 -9 -14 30 31 32 36 34 -33 44 37 38 39 -3 -40 -39 -18 -44 -35 -22 -37
right_child=1 2 -4 4 5 -7 -8 8 9 12 11 20 28 14 -16 -17 18 -19 -20 -21 21 22 -24 -25 -26 -27 -28 -29 -30 -31 -32 33 -34 35 -36 46 -38 41 40 -41 -42 -43 43 -45 -46 -47 -48
leaf_value=0.041987366402586795 0.023546798770584611 -0.025307171649937423 0.024461741940792509 -0.019090971391730382 0.023513978728744139 0.04194087294627355 -0.029812581329814066 -0.037940096413838595 0.026068224764230069 -0.0079175788033177402 0.027298457029075646 0.013940609526909698 0.011860061005842075 -0.036687574059639703 0.029202496958295621 0.0042276795365597305 0.038122861025937677 0.0052771210048467368 -0.0040202825926446131 0.05461992153553611 -0.01173005186679445 0.030462432081497078 -0.017970277038355843 -0.005288458857944202 -0.026792834587132459 -0.018417577426824077 -0.044720987554712072 0.014373384064866049 -0.033680896422292668 -0.034527127088808472 0.019426370803099512 -0.0058759075070512409 -0.036561789920098307 -0.0098944522471672292 0.038582296059060828 0.026345491624120476 0.015998380660112676 0.02108897613371476 -0.054344903764353948 0.019551627411945452 -0.013408729522989566 -0.011471294161019387 -0.012000803913644251 0.03177895002138522 -0.045193713323969452 -0.041347233729990662 -0.0082252624474214095
leaf_weight=23.417643272317946 16.051376855932176 17.750580404885117 11.369837393052874 14.908473169431089 15.263186334632339 15.605668851174412 10.95824984833598 18.552352688740939 13.474069509189578 15.800180116668342 20.25570404343307 23.389802974648774 8.952762476634236 12.593798063695433 15.139981919899581 18.457120079547167 29.463852450251572 15.082793572917579 14.153371777385471 13.239187536761163 18.527701936662197 17.823145842179656 24.059587793424726 13.154894419014452 18.297857807949185 12.383977012708781 12.779791249893604 19.399604996666312 9.9487410229630751 12.6486445707269 12.541927170008419 15.958765166345986 21.017163092270494 14.161767163313927 14.5777679849416 11.006094183772804 13.959668529219924 13.524653596803548 13.318689435953276 10.927959775552152 13.058650995604692 17.061191342305392 11.900041050743321 17.029380770865828 11.145310036838053 16.588028058409691 11.13473011087626
leaf_count=148 116 150 67 102 116 129 86 136 109 103 110 150 85 77 87 105 157 82 83 83 102 100 145 84 116 99 99 142 123 127 80 92 140 106 82 63 77 93 109 66 86 111 81 114 84 102 97
internal_value=0 -0.00239834 -0.00390057 -0.0051329 0.00725123 0.0168669 0.000951674 0.00376823 0.00135277 0.00811812 -0.00567251 0.000715617 0.013649 0.0135949 0.00116257 -0.0129939 0.0180443 0.0281036 0.022228 0.0266053 -0.00486444 -0.0106823 0.00286994 0.0207401 -0.00855329 0.00487053 -0.0205841 -0.0115169 -0.0125982 -0.00829079 -0.00656375 -0.00829415 -0.0137685 0.000240098 0.0158983 -0.00995738 -0.00864316 -0.012798 -0.0215494 -0.0081309 -0.0353086 0.00313827 0.0265941 0.013971 -0.0265673 -0.0264781 0.00935555
internal_weight=0 307.95 291.899 280.529 56.7356 41.8271 26.2214 433.865 349.174 177.798 171.376 120.644 133.642 84.6913 46.1909 31.0509 114.741 38.5004 98.9407 84.7874 100.388 76.9985 41.8827 71.5482 44.1559 25.858 50.7317 37.952 18.9015 223.794 211.145 198.603 120.619 77.9844 30.5365 47.4479 99.6014 85.6417 55.0559 28.6785 26.3773 30.5858 58.3933 28.9294 25.3071 35.1157 22.1408
internal_count=5001 2179 2063 1996 433 331 202 2822 2323 1237 1086 709 913 499 269 182 705 230 602 519 599 449 245 436 324 208 377 278 208 1563 1436 1356 832 524 174 350 692 615 411 216 195 204 352 195 190 204 160
is_linear=0
shrinkage=0.05


Tree=2
num_leaves=50
num_cat=0
split_feature=288 202 259 274 94 182 260 195 32 110 99 157 78 55 292 79 220 292 212 143 49 36 147 8 285 41 274 233 39 210 36 31 157 235 108 101 34 119 288 232 34 80 227 87 101 31 287 190 199
split_gain=3.50245 4.75934 8.18695 5.86723 8.4203 8.3162 5.56426 6.68267 5.83277 5.87869 5.916 6.0505 4.84082 4.93391 4.48206 4.41723 4.04894 3.86729 3.73897 3.50503 6.36016 6.75187 5.94669 5.82687 6.42441 5.39573 5.41198 5.39063 5.26183 5.71486 5.18391 10.9146 9.01219 4.67187 4.61052 5.88791 5.2906 5.28933 5.6459 4.60552 6.41574 4.85218 4.55588 6.73541 3.93172 3.69866 2.82356 2.42979 1.74864
threshold=0.34235194516023087 1.0000000180025095e-35 -8.7817598114683104 -2.1761165324444529 68.500000000000014 53.500000000000007 -0.67948771679375608 11.500000000000002 0.42548262548262555 96.250000000000014 7.6250000000000009 5.5000000000000009 1.1250000000000002 762.50000000000011 13.250000000000002 76.58335000000001 5.5000000000000009 13.750000000000002 2.3333500000000007 13.125000000000002 2.8994059074554435 0.88606297638948883 10.500000000000002 107.50000000000001 17.437500000000004 7.5000000000000009 -2.3112451642588292 71.500000000000014 0.68333333333333346 1.5000000000000002 1.8634477825746456 1.2965217391304351 7.5000000000000009 5.5000000000000009 28.750000000000004 12.500000000000002 0.61744741744741749 7.1250000000000009 -0.41398024697495356 24.250000000000004 -1.2167238167238168 77.375000000000014 53.500000000000007 69.312500000000014 9.5000000000000018 1.5208695652173916 0.99999999219744384 8.2500000000000018 84.500000000000014
decision_type=2 2 2 2 2 2 2 2 2 2 2 2 2 2 2 2 2 2 2 2 2 2 2 2 2 2 2 2 2 2 2 2 2 2 2 2 2 2 2 2 2 2 2 2 2 2 2 2 2
left_child=19 2 -2 12 6 16 7 -5 -8 -10 11 -11 13 -3 -15 -12 -6 -14 -17 23 21 47 34 24 30 33 27 -27 29 -28 31 39 -32 -24 35 36 37 -23 -39 40 -1 -42 -41 -44 48 -33 -26 -21 -35
right_child=1 3 -4 4 5 -7 8 -9 9 10 15 -13 17 14 -16 18 -18 -19 -20 20 -22 22 25 -25 46 26 28 -29 -30 -31 32 45 -34 44 -36 -37 -38 38 -40 42 41 -43 43 -45 -46 -47 -48 -49 -50
leaf_value=0.044962495500119673 0.0082976433300993545 -0.02661415293928909 -0.045416735085353904 0.047570385221505827 -0.048516522713557123 0.015955880306573602 -0.029884883629315784 0.0049756115529484973 -0.022143409616586254 0.013391492398535439 -0.0024909093618851984 -0.033807494817212784 -0.052459287533192824 0.025166413309808001 -0.011652029355091461 0.01587426523433861 -0.011875762922194236 -0.011923135473369574 0.050235516835906061 0.0047174987798735569 0.031430911356353834 0.045444149874336169 0.0018709838921997892 -0.015332059224831898 -0.037023593703809157 -0.0075316763124919309 -0.0027282357611854869 0.032951131944290342 0.0075941214834429008 -0.048045113646251775 -0.030558182295980119 0.062098517212476979 0.030034218242081689 -0.05594949682202404 -0.022807889127758593 -0.021782539335420931 -0.011179417443691228 -0.0045138233708308618 0.03224109971312878 -0.027414526085092539 0.029925588529219546 -0.0054548697835185497 -0.010735910060717785 0.032930743309631118 -0.012421392072429351 0.026455260672002587 0.0019315925089894619 0.034276334804515161 -0.025991471578881011
leaf_weight=14.965771874412892 11.30481744837016 16.700561184901744 16.901887550484389 16.078972206450999 15.063328413292767 12.897155365906654 11.700354149565099 20.555312938056886 14.073279798030851 15.162123999558391 12.482371912337838 10.767632201779632 11.592376532033088 15.011993566062303 16.207376365549862 18.735408556647599 15.836005551740525 12.484925835626198 14.756202492164446 14.633148327469828 12.588659089058636 14.155884271487592 12.219928521662949 25.298706941306591 8.5896627381443995 17.599916592240337 12.327691273763778 13.964688051491974 14.828188357874749 15.355903374962507 15.355640323832633 12.414323365315793 8.8656564396806044 15.174635432660581 14.28159782104194 13.957397704944013 17.109308054670691 25.095224006101482 16.650346558541067 12.734635103493927 14.09797673486173 26.382828533649445 21.768066173419356 13.482417116872965 16.128079547546804 22.468080989550799 8.85062218736857 12.92204795219004 11.352471439167855
leaf_count=90 71 111 155 107 104 77 72 158 87 130 78 78 80 103 114 120 101 95 91 90 82 91 88 155 124 107 72 79 82 106 149 76 67 103 97 84 102 155 102 92 82 147 119 94 110 159 66 84 81
internal_value=0 -0.00523524 -0.0243418 -0.00299206 0.00189087 -0.0169106 0.00810134 0.0244379 0.00178867 0.00639306 0.0122055 -0.00673601 -0.014932 -0.00549105 0.00628391 0.0228046 -0.030699 -0.0327535 0.0320312 0.00181626 -0.00192278 -0.00366693 -0.00648693 0.006726 0.00989423 -0.0135667 -0.00464815 0.0108404 -0.0161331 -0.0286639 0.0130041 0.0167257 -0.00806824 -0.0253072 0.00257429 0.00695436 0.0126681 0.0200351 0.0105573 0.00839074 0.0180756 0.00729123 -0.00294064 0.00641318 -0.0329577 0.0405175 -0.0182219 0.0192941 -0.0445387
internal_weight=0 278.312 28.2067 250.105 178.108 43.7965 134.312 36.6343 97.6774 85.977 71.9037 25.9298 71.9972 47.9199 31.2194 45.974 30.8993 24.0773 33.4916 475.62 270.345 257.756 230.201 205.274 179.976 128.952 74.0764 31.5646 42.5118 27.6836 162.535 138.314 24.2213 54.8751 101.25 86.9682 73.0108 55.9015 41.7456 103.432 55.4466 40.4808 47.9851 35.2505 42.6552 34.8824 17.4403 27.5552 26.5271
internal_count=5067 1932 226 1706 1203 282 921 265 656 584 497 208 503 328 217 289 205 175 211 3135 1715 1633 1459 1420 1265 828 446 186 260 178 1075 859 216 382 631 534 450 348 257 624 319 229 305 213 294 235 190 174 184
is_linear=0
shrinkage=0.05


Tree=3
num_leaves=48
num_cat=0
split_feature=54 12 32 66 277 272 209 78 283 145 55 274 138 283 13 36 33 97 157 55 89 145 279 272 279 288 36 44 54 138 150 290 277 38 2 288 78 292 274 87 63 183 260 202 54 182 291
split_gain=3.22452 2.9757 3.04233 5.79047 6.26254 4.09968 5.43958 3.95845 3.54169 3.50191 3.4341 4.53583 3.50546 8.8 7.42003 6.18565 7.16569 5.75342 5.60807 7.37861 6.13957 5.63275 5.44883 7.30502 5.02725 4.54375 4.41855 4.25133 6.57042 5.66603 6.91381 4.20173 8.41367 4.8934 4.8627 4.8897 4.084 3.99161 3.89102 3.08228 3.06905 2.97508 2.6267 2.56066 2.22842 2.00505 1.92917
threshold=77.500000000000014 0.47916666666666669 1.9111969111969114 1.5000000000000002 -1.7140605850589108 -1.3658705301510714 1.0000000180025095e-35 0.95835000000000303 -0.41885964912280699 1.5000000000000002 657.50000000000011 -1.9099416345565101 12.500000000000002 0.078461538461538485 17.500000000000004 1.6867993806478929 0.86023166023166009 8.0625000000000018 8.5000000000000018 852.50000000000011 72.875000000000014 14.500000000000002 -1.6186320957319345 -2.3763757440718889 -2.652114639814064 -0.16799356919963607 1.0835112497418278 12.500000000000002 737.50000000000011 4.7500000000000009 3.5000000000000004 7.5000000000000009 -1.5809186845938845 0.37500000000000006 80.250000000000014 -0.90163369914317015 0.95835000000000303 13.750000000000002 -2.0992357777456432 74.437500000000014 88.750000000000014 1.5000000000000002 0.33389443298258642 5.5000000000000009 757.50000000000011 17.500000000000004 1.0385185185185188
decision_type=2 2 2 2 2 2 2 2 2 2 2 2 2 2 2 2 2 2 2 2 2 2 2 2 2 2 2 2 2 2 2 2 2 2 2 2 2 2 2 2 2 2 2 2 2 2 2
left_child=-1 2 10 5 8 6 46 41 -5 -10 11 -2 13 27 15 18 -17 38 22 20 21 -20 23 -14 -22 -23 44 31 -29 30 -30 32 33 -12 -33 -36 -21 -28 -16 -26 -25 -8 -35 -34 -15 -9 -4
right_child=1 -3 3 4 -6 -7 7 45 9 -11 12 -13 14 26 17 16 -18 -19 19 36 24 25 -24 40 39 -27 37 28 29 -31 -32 34 43 42 35 -37 -38 -39 -40 -41 -42 -43 -44 -45 -46 -47 -48
leaf_value=-0.024566283752360328 -0.00041042868577592922 -0.020058229443952424 -0.012510396513845638 -0.0018391805570007877 -0.018683951043983758 0.010606120521420747 -0.035917090917596282 -0.060967258610817789 0.01045802280243944 0.058354445923500857 0.0054701457025071428 0.030230578238761137 -0.0061780219827836458 -0.041373398473100141 0.058781281477367456 0.030377871534775443 -0.010539350044101527 -0.0062579279492241194 -0.022600580556810537 0.030914049618786518 0.0023218628423500491 0.030038225474666398 0.0056818702462622765 -0.057387942603780474 -0.050636157881481618 -0.0041688061979598453 -0.014106683640604146 -0.0019165965681940821 0.041753684346932128 0.054652099325304307 0.0014339182079459649 -0.0083727239685628171 0.029294759167082046 -0.0065541564717854625 0.0014982325790634219 0.03826400710383971 -0.0029891874413930592 0.020369274708871777 0.011977369108067647 -0.017229851853269952 -0.024254533675196643 0.0001357013312136002 -0.035079083344519563 0.0018875987604240361 -0.012715971480049141 -0.026409165836561544 0.017954782340421832
leaf_weight=12.117914617992936 23.777721121441573 16.288881026208401 9.399760498665275 8.5758142080157977 12.115944233024491 12.971821290673686 8.3055736233945954 9.6600499360356498 7.4430959140881923 8.1671188410837186 19.992266183719039 23.490673021879047 23.944927794858813 11.857177109457554 9.0807568393647689 22.287763648666441 19.070966338273138 12.199858125299214 16.456950234249234 19.498208146542311 12.508467679843305 16.956064144149423 15.33618853241205 16.835524772293866 14.983486765064301 20.674403972923756 17.871948151383549 26.787278754636645 17.202434357255697 14.063783438876269 25.743134307675064 15.007045444101093 18.198367079719901 13.112493742257355 14.458880022168154 23.52690821886063 15.388914890587328 14.128215472446753 9.0856148498132843 14.906929291784762 15.60097569786012 14.840161746833472 22.527132950723171 15.589393386617301 17.247433730401099 11.540655297227202 9.4197920691221935
leaf_count=116 146 133 80 51 132 111 104 117 103 72 121 144 135 83 82 138 127 98 93 115 75 97 87 98 93 107 157 157 102 96 154 95 92 74 75 132 91 107 79 82 89 115 123 85 123 87 87
internal_value=0 0.000442373 0.000932096 -0.00658891 0.00966627 -0.0143641 -0.0195774 -0.0289589 0.0240462 0.0375215 0.00232831 0.0151279 0.00122707 0.00508028 -0.00280518 -0.00572202 0.0117071 0.0201094 -0.00931137 -0.00311908 -0.010233 0.000988877 -0.0204556 -0.0275403 -0.0242414 0.0116233 -0.0116263 0.00962445 0.0184957 0.0279547 0.0181672 0.00431195 -0.0023142 -0.0141788 0.0153286 0.0246669 0.0162926 0.00127061 0.0372193 -0.0350729 -0.0426538 -0.0137531 -0.0250495 0.0170671 -0.0253775 -0.0441924 0.00287494
internal_weight=0 738.127 721.838 112.44 36.302 76.1378 63.166 44.3464 24.186 15.6102 609.398 47.2684 562.13 287.314 274.816 244.45 41.3587 30.3662 203.091 131.373 96.4863 54.0874 71.7176 56.3814 42.3989 37.6305 61.1048 226.209 83.7966 57.0094 42.9456 142.412 89.4197 55.6319 52.9928 37.9858 34.8871 32.0002 18.1664 29.8904 32.4365 23.1457 35.6396 33.7878 29.1046 21.2007 18.8196
internal_count=5060 4944 4811 1059 358 701 590 423 226 175 3752 290 3462 1776 1686 1427 265 259 1162 753 547 297 409 322 250 204 470 1306 509 352 256 797 495 318 302 207 206 264 161 175 187 219 197 177 206 204 167
is_linear=0
shrinkage=0.05


Tree=4
num_leaves=49
num_cat=0
split_feature=58 103 46 213 30 58 57 78 107 107 279 289 35 100 187 33 58 8 117 34 279 38 34 220 282 229 198 288 272 279 226 139 143 233 36 145 112 77 80 279 100 210 97 120 58 89 139 281
split_gain=3.04482 9.48635 5.90263 8.28708 4.99982 4.89266 3.72724 4.87937 3.67586 5.59988 4.30555 4.7766 3.73106 3.6341 4.96946 5.42959 4.94954 7.35867 7.4058 7.22494 5.75559 5.55426 5.21165 6.92253 4.914 6.65809 5.93025 5.886 5.30252 6.5951 5.11522 7.85427 6.76762 5.48038 4.85203 4.6556 4.2391 3.79753 6.30813 3.70921 3.50298 3.19885 2.97455 2.96996 2.40554 2.13262 1.95457 1.04524
threshold=7.5000000000000009 9.5000000000000018 167.50000000000003 2.5000000000000004 1.767129243813182 4.5000000000000009 13.250000000000002 0.95835000000000303 71.875000000000014 75.625000000000014 -1.4438327303945744 0.36447543099728863 1.2746500939737988 8.1250000000000018 72.250000000000014 -0.065637065637065825 14.500000000000002 62.500000000000007 6.9375000000000009 -1.0301374301374302 -2.0150907694378093 0.37500000000000006 -0.050436050436050518 1.5000000000000002 -1.7499999999999998 27.500000000000004 0.27082500000000004 0.14250626876356556 -2.1991606290004246 -1.6186320957319345 2.5000000000000004 8.5000000000000018 21.250000000000004 71.500000000000014 0.98311775456162864 5.5000000000000009 185.00000000000003 83.312500000000014 79.875000000000014 -1.7854005751887689 6.3750000000000009 7.5000000000000009 6.5312500000000009 7.8125000000000009 18.500000000000004 62.125000000000007 3.5000000000000004 89.838347432946833
decision_type=2 2 2 2 2 2 2 2 2 2 2 2 2 2 2 2 2 2 2 2 2 2 2 2 2 2 2 2 2 2 2 2 2 2 2 2 2 2 2 2 2 2 2 2 2 2 2 2
left_child=1 2 3 4 6 -3 7 -1 10 -10 11 44 13 14 16 -16 19 18 -18 21 -19 -11 23 40 27 26 -26 -15 -28 -30 -27 46 -33 -34 -31 -29 -25 38 42 47 -20 43 -21 -5 -2 -13 -32 -24
right_child=8 5 -4 41 -6 -7 -8 -9 9 12 -12 45 -14 24 15 -17 17 20 22 37 -22 -23 39 36 25 30 28 35 29 34 31 32 33 -35 -36 -37 -38 -39 -40 -41 -42 -43 -44 -45 -46 -47 -48 -49
leaf_value=0.013097275242070536 -0.030520574222814907 0.011796179102377588 -0.023561999623315653 -0.038395220529748773 -0.0090301283898795454 0.052896257124518037 0.0044354200127754741 0.051870815348804993 0.028951469396858737 0.037992703884464407 -0.032304147790163135 -0.0032130383448557608 -0.022006504341945347 0.026988139227426079 0.0044725537207955792 -0.032742276774713024 0.033290197053122701 0.04726341414585529 -0.0096136643248809113 -0.039950524473507665 0.010150274503774367 -0.0058946902238354183 0.01286103346008958 0.015894080983249705 -0.027924973453727991 0.0076591253534534637 -0.019340677939173597 0.013158337081671604 0.036634176337158986 0.022644492672926755 -0.029743577407167755 0.014892428219454952 -0.048890175618727306 -0.0045498149504148468 -0.015336122710610356 -0.024594060218336961 -0.018962313123603372 -0.032730684379927856 0.023180590221829462 -0.0084427648871829679 -0.050775540509681576 0.0064409349461812182 -0.0025768487362523343 -0.0049855897799293003 -0.0018800593250902185 0.025368163630302705 -0.059129810631860569 0.035094881425287175
leaf_weight=16.812295379117131 15.699449695646765 15.973584219813349 20.057215471751988 12.900815803557634 14.465815004194154 13.494912905618547 17.174785314127803 16.505707720294595 15.54231635853648 13.907015238422902 17.793372225482017 12.367739797104152 18.587797209620476 23.283055733889341 21.319468025118113 16.819475611671805 18.443712813779712 21.408509991597384 10.235769641119989 9.4191919602453726 20.871379727497697 13.509512328542767 11.915034687146546 23.29206031979993 12.752925579436122 15.824557683896272 13.115732188802211 15.467492375522854 20.505034120753407 13.662216873839496 18.901726228650663 16.944930480793118 11.702003445476294 15.948170463554561 18.719398451969028 15.290079709142445 12.632791264913974 17.393968049902469 12.196114102844147 11.770023002987726 10.774581300094722 14.632168796844779 11.189708105521275 13.415332825155929 13.317464767023919 12.362913362681864 11.491577868349848 12.100516244769095
leaf_count=103 108 94 148 87 118 84 103 100 88 98 123 94 117 140 127 110 110 142 84 88 136 86 93 140 89 114 88 93 133 77 136 120 91 104 120 90 139 133 82 91 85 93 86 95 86 71 82 70
internal_value=0 0.00670048 0.000639742 0.00540072 0.0164085 0.0317361 0.0237303 0.0332574 -0.00113278 0.000319317 -0.0116852 -0.00439386 -0.000605675 0.000244455 0.00415078 -0.0123566 0.00691701 0.0120959 0.00523379 -0.00334524 0.0296004 0.0169207 -0.000642755 -0.00998162 -0.00445584 -0.00863128 0.00201066 0.00856458 0.00812524 0.0151692 -0.0177816 -0.0231804 -0.00944993 -0.0243668 0.000886696 -0.00579246 0.00345542 -0.014528 -0.00419374 0.0140829 -0.0320703 -0.0120364 -0.0207166 -0.0221698 -0.0178764 0.0115054 -0.042384 0.0250189
internal_weight=0 155.433 125.964 105.907 64.9586 29.4685 50.4928 33.318 598.479 526.938 71.5409 53.7476 511.396 492.808 269.199 38.1389 231.06 153.444 111.164 77.6155 42.2799 27.4165 92.7208 56.9352 223.609 169.568 78.7553 54.0406 66.0024 52.8866 90.813 74.9884 44.5951 27.6502 32.3816 30.7576 35.9249 50.199 32.805 35.7856 21.0104 40.9483 20.6089 26.3161 29.0169 24.7307 30.3933 24.0156
internal_count=5089 1025 847 699 424 178 306 203 4064 3582 482 359 3494 3377 1900 237 1663 1090 812 573 278 184 702 448 1477 1154 507 323 418 330 647 533 315 195 197 183 279 389 256 254 169 275 174 182 194 165 218 163
is_linear=0
shrinkage=0.05


Tree=5
num_leaves=47
num_cat=0
split_feature=46 150 274 158 117 259 284 46 48 32 149 279 276 100 220 273 8 273 283 120 32 33 158 286 286 113 110 283 279 158 89 89 91 92 54 156 286 158 273 102 283 201 54 110 35 259
split_gain=2.89122 3.36116 2.96576 4.72997 5.20247 5.83977 3.19256 2.97041 4.83184 4.52181 3.99655 6.72403 4.79653 8.02217 5.43016 5.10416 5.0558 4.92727 4.6021 5.84391 5.00887 4.45907 4.27032 4.43388 8.79292 5.27066 3.98198 5.31985 3.92166 5.01146 3.22928 4.75327 5.88924 4.23919 4.51974 4.50994 4.93842 5.25067 4.15287 3.30458 4.22889 2.96116 2.65708 2.16156 2.11205 1.74055
threshold=262.50000000000006 1.5000000000000002 -2.8348040623987809 15.500000000000002 7.3125000000000009 -6.8416926958375583 1.720779220779221 202.50000000000003 1.3396042674919806 0.65868725868725886 4.5000000000000009 -0.96987192884618578 85.537775258493937 5.5625000000000009 2.5000000000000004 86.161911966610901 7.5000000000000009 85.566219205020445 0.085144927536231887 7.3750000000000009 0.78223938223938261 -4.1830115830115826 24.500000000000004 0.39229752071802337 0.35128761700894834 125.00000000000001 111.25000000000001 -0.10172413793103448 -1.5696219425487568 7.5000000000000009 68.875000000000014 72.375000000000014 72.500000000000014 73.500000000000014 767.50000000000011 52.500000000000007 0.73061684580452757 18.500000000000004 87.913096756931949 8.5000000000000018 -0.21583850931677015 49.250000000000007 782.50000000000011 116.25000000000001 0.60952412990125227 -5.5082556961049987
decision_type=2 2 2 2 2 2 2 2 2 2 2 2 2 2 2 2 2 2 2 2 2 2 2 2 2 2 2 2 2 2 2 2 2 2 2 2 2 2 2 2 2 2 2 2 2 2
left_child=1 -1 3 4 -3 -6 -5 10 -9 -10 11 41 13 14 -12 17 -17 -14 22 -20 -21 -18 23 24 25 26 27 44 29 -25 -23 32 38 34 -33 36 37 39 -32 -35 -41 -4 -11 -22 -15 -30
right_child=-2 2 7 6 5 -7 -8 8 9 42 12 -13 15 18 -16 16 21 -19 19 20 43 30 -24 28 -26 -27 -28 -29 45 -31 31 33 -34 35 -36 -37 -38 -39 -40 40 -42 -43 -44 -45 -46 -47
leaf_value=0.020980441918141218 -0.02203124296868663 0.022521352639134115 -0.013782318286781711 0.043860388859115244 0.011546066635389247 -0.026085690878909159 0.0082610122452001136 -0.015298554404094299 -0.0088602730207833821 0.041320564259391311 -0.00065516941967311108 0.014498145144098647 -0.0031428858398935273 0.010558913122296091 -0.047003078632428495 0.019424575609214442 0.013538369099274687 -0.045281435877723819 0.010584793923040179 -0.048124594727244181 0.013487061559557235 -0.028197977374231062 -0.011734247487533302 -0.010220043018843864 -0.028926389705601144 -0.0083578116435600366 0.041083690118765698 -0.0060693647364280633 0.047902751824058933 0.025180932818106364 -0.02656720066287506 -0.047991832874047763 0.028933635688970002 0.017556539348209891 -0.0088603269724883797 -0.030900148232905978 0.019664955926557932 -0.034862841837489167 0.007770322690402915 0.012171182878021439 -0.025153371196550763 -0.048665868830091163 0.012187734327105878 -0.022996995026227558 0.038606215428043697 0.020315839259198002
leaf_weight=17.939226954476908 13.935154383070765 17.364103735424578 13.126735604833813 11.905699521303179 17.741407334804535 22.223411698825657 13.429553249850867 14.496889562811701 11.792047470808027 15.13137064874172 12.824238053057345 10.328192908084018 12.817608815617861 13.611413503065704 11.514804173260925 20.267334971576929 24.630806747823954 14.543416976928709 22.276042304933071 10.773100513964893 7.6947593204677087 18.210724719101563 20.47368588950485 15.703778596594928 14.893801989033816 24.037185115274042 14.450107404496519 22.974033573642377 14.647375361993911 24.542845316231251 13.542097862809895 13.782364577054979 17.410592183005065 15.66687894426286 15.857192386873065 14.741921748965977 19.481988956220448 13.592912580817936 21.504616430029273 12.018460420891637 17.609621500596411 12.459868178237228 17.559338747989386 6.6521105878055096 14.560161723755298 12.947354713454841
leaf_count=144 120 110 101 84 112 149 86 142 65 92 92 88 82 86 97 111 140 90 155 65 68 137 132 92 88 153 96 125 89 149 88 87 116 112 112 87 114 105 153 69 148 94 114 127 85 83
internal_value=0 0.000192893 -0.000362814 0.00847946 0.000414464 -0.00950594 0.0260203 -0.00154371 0.00904194 0.0171364 -0.00266045 -0.0185697 -0.00154997 0.00320975 -0.023572 -0.00628422 -0.00388024 -0.026348 0.00600954 -0.00782941 -0.0239389 -0.00612517 0.00943367 0.0120012 0.00545107 0.0114195 0.0186835 0.0116883 0.0218674 0.011455 -0.00868596 -0.00650941 0.00600873 -0.0118643 -0.0280289 -0.00647563 -0.00154977 -0.00877945 -0.00586668 -0.0003679 -0.0101098 -0.031961 0.0264985 -0.00382546 0.0258813 0.0361222
internal_weight=0 725.753 707.814 82.6642 57.3289 39.9648 25.3353 625.15 58.9796 44.4828 566.17 35.9148 530.255 264.577 24.339 265.679 238.318 27.361 240.238 47.396 25.12 218.05 192.842 172.368 104.527 89.6329 65.5957 51.1456 67.8414 40.2466 193.419 175.209 52.4573 122.751 29.6396 93.1118 78.3699 58.8879 35.0467 45.295 29.6281 25.5866 32.6907 14.3469 28.1716 27.5947
internal_count=5034 4914 4770 541 371 261 170 4229 413 271 3816 283 3533 1782 189 1751 1579 172 1593 415 260 1468 1178 1046 633 545 392 296 413 241 1328 1191 357 834 199 635 548 434 241 329 217 195 206 195 171 172
is_linear=0
shrinkage=0.05


Tree=6
num_leaves=48
num_cat=0
split_feature=214 58 260 279 274 137 272 42 71 155 156 191 213 36 259 55 259 195 279 117 274 33 275 171 7 160 158 213 198 54 260 214 102 272 74 54 279 279 214 54 221 79 192 199 37 143 259
split_gain=2.89498 5.13191 4.32499 5.37169 6.09108 7.01721 6.57608 5.47931 7.90953 5.33809 6.19934 4.51142 4.48661 4.37392 4.18096 3.84684 5.187 5.45846 4.10538 4.77804 3.68749 4.7618 8.16734 6.3124 5.94171 5.74682 4.77247 4.75324 5.15091 4.72685 4.62828 6.12911 4.82795 4.17178 5.40824 5.55547 4.01296 3.90229 4.18204 3.52727 5.08117 3.22823 3.17362 4.16385 2.75349 2.42278 0.902972
threshold=1.0000000180025095e-35 29.500000000000004 4.3479613388526142 -2.7275422397459073 -1.9820847191476272 32.500000000000007 -2.5126621493718244 6.5000000000000009 78.500000000000014 46.500000000000007 7.5000000000000009 2.5000000000000004 1.0000000180025095e-35 0.96699979974086592 -7.4557427454648915 877.50000000000011 -9.7553521611032306 63.500000000000007 -1.5148108166332486 7.7708250000000012 -2.4905509234626115 -0.20772200772200819 83.935972433094875 1.5000000000000002 14.250000000000002 2.5000000000000004 13.500000000000002 4.5000000000000009 17.875000000000004 767.50000000000011 2.0294427636617796 3.5000000000000004 9.5000000000000018 -1.5322282880292202 6.2500000000000009 797.50000000000011 -3.0332857946718335 -1.5696219425487568 2.5000000000000004 827.50000000000011 4.5000000000000009 78.625000000000014 1.1666500000000002 21.500000000000004 0.37500000000000006 15.250000000000002 -5.9402012438865146
decision_type=2 2 2 2 2 2 2 2 2 2 2 2 2 2 2 2 2 2 2 2 2 2 2 2 2 2 2 2 2 2 2 2 2 2 2 2 2 2 2 2 2 2 2 2 2 2 2
left_child=1 2 3 -1 6 7 -5 12 13 10 -4 -8 -6 -9 -15 20 -17 18 19 -18 30 25 24 39 26 27 29 33 41 -23 32 44 -2 34 35 -22 -34 38 -36 40 -24 -29 -35 -44 -32 -13 -14
right_child=15 -3 9 4 5 -7 11 8 -10 -11 -12 45 46 14 -16 16 17 -19 -20 -21 21 22 23 -25 -26 -27 -28 28 -30 -31 31 -33 36 42 37 -37 -38 -39 -40 -41 -42 -43 43 -45 -46 -47 -48
leaf_value=-0.023065855816381708 -0.030562083869721986 0.030341631028883945 0.0031727106662943977 -0.0088252915311780276 -0.0027521378554216671 0.024306797828672871 0.0060154423835832903 -0.01217468965749738 -0.032544111803948832 -0.0098897483136427076 0.042004878699993121 0.053000340581814943 -0.051171488566322955 0.033571966463273532 -0.0016984452640350851 -0.01765299571686596 0.045940082671122373 -0.0091179876776545377 -0.00072592273104372549 0.0055409774946081018 0.00062818927861201434 0.00068184495040366866 -0.04218478788371452 -0.056840713187406126 -0.029261691060680092 0.02742423113042607 -0.015363942097075546 0.0043144209472542813 -0.012776929839880356 0.039985014780850724 0.04366765178143861 -0.007326804368657589 -0.013077411769903971 -0.040107716476832082 -0.017832289607961963 -0.040028463558999167 0.025498477075429717 0.032314196566824722 0.02130832811235249 -0.00029957378709595148 -0.0084778200879252787 0.039049821775864905 0.0065785830859025202 -0.031964925018066567 0.011902352690357991 0.019937551684111113 -0.025415951714416542
leaf_weight=24.169364237692207 14.20816088048741 15.97021190356463 19.817610905971378 21.908804771956056 12.832807016093282 16.051644865423441 20.215043661184609 17.286432508379221 14.979673701338468 16.057259490713477 20.753291615750641 12.55589688755572 10.6054754932411 18.260729478672143 14.740511829266326 15.843588659539817 20.682665881700814 18.348159034503624 13.296979112550614 11.507034670095889 19.229674283415079 15.626134536229076 22.262203454039991 12.158474696800111 12.112176208291201 14.289849458262323 12.99597232043743 13.061861730180683 15.585974787361918 14.053533134283496 14.410060999915006 18.765241898596287 13.602097548544405 15.042484047124161 14.905331884045152 13.88094643037766 11.579135717824103 12.179193745367231 10.955646567745132 19.465091252699494 22.741941734217107 13.337316454388199 14.63554817531258 11.971875185146926 14.084610393270848 12.645042881369589 10.330468662548812
leaf_count=155 115 112 136 136 106 90 126 93 98 99 117 80 74 110 93 102 133 139 98 90 124 108 159 78 94 85 96 86 107 112 94 131 87 120 109 88 76 90 94 146 147 81 98 84 81 80 97
internal_value=0 0.00368754 0.00196159 -0.00141067 0.00156873 -0.00541171 0.0134059 -0.0104233 -0.00185295 0.0140747 0.0235692 0.0240894 -0.0264581 0.00774561 0.0182313 -0.00273918 0.00720478 0.0135515 0.0226952 0.0321005 -0.00479906 -0.00741433 -0.0145159 -0.024948 0.000260531 -0.00184172 0.00911764 -0.00470225 0.00950609 0.0199889 0.00425155 0.0146633 -0.0082943 -0.0100277 -0.00257727 -0.0170901 0.00495741 0.010169 -0.00107493 -0.018157 -0.0257062 0.0226481 -0.0223966 -0.0112935 0.0289023 0.0378046 -0.0402009
internal_weight=0 279.18 263.21 206.582 182.413 115.088 67.3248 99.0361 65.2673 56.6282 40.5709 45.416 33.7688 50.2877 33.0012 466.819 79.6784 63.8348 45.4867 32.1897 387.141 300.491 131.416 76.6277 54.7878 169.076 42.6756 154.786 41.9852 29.6797 86.6493 47.2599 39.3894 112.801 71.1508 33.1106 25.1812 38.0402 25.861 64.4692 45.0041 26.3992 41.6499 26.6074 28.4947 25.2009 20.9359
internal_count=5054 1802 1690 1338 1183 761 422 671 394 352 253 286 277 296 203 3252 562 460 321 223 2690 2106 940 530 410 1166 316 1081 274 220 584 306 278 807 505 212 163 293 203 452 306 167 302 182 175 160 171
is_linear=0
shrinkage=0.05


Tree=7
num_leaves=49
num_cat=0
split_feature=55 116 33 50 288 108 284 288 109 235 33 152 33 123 58 189 16 201 155 274 30 288 288 34 18 97 201 32 287 56 78 205 286 182 148 87 182 95 148 226 226 272 157 48 123 30 63 58
split_gain=3.98333 5.25972 8.49239 2.74644 2.5984 6.4113 5.10993 3.04763 5.10192 3.38147 6.16798 4.25077 6.62057 6.03617 6.7416 5.56441 5.24833 5.48553 5.41757 5.47104 7.08296 5.23771 9.48088 6.56289 4.70143 4.43628 5.46804 3.98365 3.88876 3.76703 4.26721 5.57018 4.90054 5.75392 4.22056 4.16398 3.67665 3.66016 3.52341 4.38846 3.87802 3.32739 3.23645 2.97777 2.55343 2.48039 1.9075 0.881753
threshold=912.50000000000011 115.00000000000001 0.37683397683397668 0.25898801597869514 0.97112537654464559 6.2500000000000009 1.6306818181818186 0.92922379131507438 108.75000000000001 996.50000000000011 -0.76602316602316578 27.500000000000004 0.92895752895752881 5.5000000000000009 18.500000000000004 54.500000000000007 0.12500000000000003 4.2500000000000009 60.500000000000007 -1.7998453092978692 0.31048951048951062 -0.48314718476766422 -0.92923668111203805 -0.1125469125469125 0.22916666666666671 11.187500000000002 2.7500000000000004 1.1142857142857145 0.99999999999987566 19.500000000000004 1.1250000000000002 1.5000000000000002 0.18443879605278649 47.500000000000007 4.5000000000000009 66.687500000000014 2.5000000000000004 68.500000000000014 20.500000000000004 4.5000000000000009 22.500000000000004 -1.6660749605237415 8.5000000000000018 2.7571980258547426 7.5000000000000009 0.31048951048951062 88.750000000000014 12.500000000000002
decision_type=2 2 2 2 2 2 2 2 2 2 2 2 2 2 2 2 2 2 2 2 2 2 2 2 2 2 2 2 2 2 2 2 2 2 2 2 2 2 2 2 2 2 2 2 2 2 2 2
left_child=3 2 47 -1 7 6 -6 9 -9 11 -11 21 16 -14 46 -16 17 -13 19 20 -18 22 23 45 25 29 -27 -20 42 30 32 36 35 34 -34 -23 -32 44 39 43 -41 -36 -19 -24 -26 -5 -15 -2
right_child=1 -3 -4 4 5 -7 -8 8 -10 10 -12 12 13 14 15 -17 18 28 27 -21 -22 24 38 -25 37 26 -28 -29 -30 -31 31 -33 33 -35 41 -37 -38 -39 -40 40 -42 -43 -44 -45 -46 -47 -48 -49
leaf_value=0.023268218600867755 -0.02542606605036267 0.0079837899177436535 0.0054199449959212755 -0.01586502467156134 0.051621174858403722 -0.010183422514399198 0.0055653537854870958 0.006562229251013141 -0.038036694909397768 -0.010257457700107811 0.033202119020461211 0.020583669764943649 0.019324225091476979 -0.017255000290400637 0.02723650695836255 -0.01832310503097841 -0.012400234873333015 -0.016620226128922382 0.020127304391037427 0.051113929272222539 0.032656945161263787 -0.019365457960905701 0.016268817282144372 0.0081956673872181605 0.0065955626427057212 0.02639687867696517 -0.010314061887966944 -0.011071236548486373 -0.027226805498865476 0.011930773464606928 0.034578621274604204 -0.02006075403861917 -0.010236882427148451 0.0026356592664519844 -0.05991287382113443 0.014951996235686668 -0.0033274726199224482 -0.049085393630956847 -0.0095211250503346549 0.039874549995840149 0.0094350079540882828 -0.026948548544141544 0.013086735889199478 -0.016309531830579448 -0.030209798777600251 -0.0492920137004072 -0.043811506329800111 -0.048585377080104429
leaf_weight=11.608581825159488 11.427562449593099 19.96956842392683 16.421474387403578 13.137125574052336 11.069204858504238 18.487152837682515 12.565685497131197 11.24576492700726 13.175302211893721 13.38680241093971 18.523707642219961 21.000047890469432 14.112194154411553 15.055385197512807 11.531300363130869 13.425868283957241 13.237769603729246 14.716124108061193 17.76004096865654 16.240220627747476 22.353847676888108 17.647596182301641 14.155001349747183 16.035655717365444 8.7026217516977376 19.638491827994585 19.148401832208037 21.556388785131276 18.040648822672665 16.283103123772889 11.753836691146718 18.185209885938093 13.899209323339162 12.93279718980193 16.556755352765315 15.835411281790583 12.513866920024155 11.241786670871077 13.856769314035772 24.506134996656328 19.08387662190944 19.008184198290117 21.00969816185534 12.062178339809178 8.5729710347950459 10.865138943772761 15.521856336854396 14.816535036778076
leaf_count=62 83 149 112 85 83 156 86 72 102 104 137 117 100 97 78 91 79 82 108 106 159 113 104 111 73 108 112 142 98 115 86 132 105 78 102 102 85 113 89 156 130 130 121 66 88 96 100 110
internal_value=0 -0.0129268 -0.0226726 0.000145815 -0.000282734 0.0115968 0.0283551 -0.00108458 -0.0180489 -0.000380554 0.0152127 -0.00126138 0.0039084 -0.00894409 -0.0163423 0.00296574 0.0093248 -0.00051137 0.0173111 0.0277736 0.0160177 -0.00478599 0.00344081 -0.0163148 -0.0093666 -0.0064912 0.00846962 0.00317146 -0.00897605 -0.0102746 -0.0129552 0.000257136 -0.0187476 -0.0269235 -0.034551 -0.00317247 0.0156739 -0.0279868 0.012976 0.0175131 0.0270585 -0.0435135 0.000730537 0.00123143 -0.0123226 -0.0323628 -0.0316963 -0.0398045
internal_weight=0 62.6351 42.6656 691.246 679.637 42.122 23.6349 637.515 24.4211 613.094 31.9105 581.184 235.561 69.6466 55.5344 24.9572 165.915 74.7665 91.1483 51.8318 35.5916 345.622 123.702 40.0379 221.92 193.403 38.7869 39.3164 53.7665 154.616 138.333 42.4529 95.88 62.3969 49.4641 33.483 24.2677 28.5174 83.664 69.8072 43.59 35.5649 35.7258 26.2172 17.2756 24.0023 30.5772 26.2441
internal_count=5113 454 305 4659 4597 325 169 4272 174 4098 241 3857 1478 466 366 169 1012 418 594 344 238 2379 837 292 1542 1268 220 250 301 1048 933 303 630 415 337 215 171 274 545 456 286 232 203 170 161 181 197 193
is_linear=0
shrinkage=0.05


Tree=8
num_leaves=47
num_cat=0
split_feature=220 155 214 158 108 277 88 287 108 104 273 33 98 0 81 214 34 42 53 280 29 290 284 149 274 13 23 56 2 192 226 286 286 259 201 188 58 274 212 114 58 235 58 80 149 290
split_gain=5.03671 6.00562 5.77421 5.63928 4.23716 3.79669 4.62316 3.58658 3.19261 3.10072 6.59671 7.49356 7.05098 7.27208 7.0113 6.17091 5.15388 4.84947 5.65413 8.3544 5.18937 7.85158 5.74555 4.58916 4.43321 4.28502 7.16458 4.88123 4.91248 4.93357 8.24313 4.94753 5.78944 4.45456 4.42985 5.45576 5.4974 4.26134 3.77766 3.65029 3.63866 3.59761 3.49513 3.15796 2.65827 2.19218
threshold=9.5000000000000018 6.5000000000000009 1.5000000000000002 8.5000000000000018 73.750000000000014 -1.5267841108930023 0.62500000000000011 0.99999999977072229 96.250000000000014 4.5000000000000009 89.657125976163144 -0.24401544401544387 0.62500000000000011 79.250000000000014 88.500000000000014 1.0000000180025095e-35 -0.31411831411831437 1.0000000180025095e-35 27.500000000000004 88.11660066742634 2.5714285714285721 3.5000000000000004 1.1055555555555558 16.500000000000004 -1.8062960675376802 17.500000000000004 27.500000000000004 9.2500000000000018 89.125000000000014 22.250000000000004 63.500000000000007 0.52048476014249612 0.33380881333571893 -9.821073839807875 1.0000000180025095e-35 4.5000000000000009 15.500000000000002 -1.6363982335474581 0.83335000000000015 75.000000000000014 14.500000000000002 13.500000000000002 13.500000000000002 85.875000000000014 39.500000000000007 7.5000000000000009
decision_type=2 2 2 2 2 2 2 2 2 2 2 2 2 2 2 2 2 2 2 2 2 2 2 2 2 2 2 2 2 2 2 2 2 2 2 2 2 2 2 2 2 2 2 2 2 2
left_child=4 2 -2 7 9 6 -5 -3 -6 10 11 12 38 -14 -12 23 -17 -11 20 24 22 -22 -19 -13 -20 27 45 41 29 31 -31 32 34 -34 -29 36 -36 39 -1 -23 -15 -24 -41 -16 -8 -27
right_child=1 3 -4 5 8 -7 44 -9 -10 17 14 15 13 40 43 16 -18 18 19 -21 21 37 25 -25 -26 26 -28 28 -30 30 -32 -33 33 -35 35 -37 -38 -39 -40 42 -42 -43 -44 -45 -46 -47
leaf_value=0.057010053347196138 -0.01309012247437636 -0.047777437367489947 0.030005939361259417 0.02453313429586236 0.041791808749809083 -0.021585544914242763 -0.02366852120485272 -0.016309501020135359 0.00052755428073477382 0.025343832415156919 -0.027383933539100177 -0.0068037203730843768 -0.024066667973879564 0.0011723195992764974 -0.0067692300794454964 -0.037324870655858308 0.0013788331164118295 -0.03084929892582133 -0.044344137663738209 0.015016577809129898 0.037052192043204514 -0.0087287313512305047 0.026526081100951074 0.033222462443785072 -0.008923471367107836 0.043429283755147902 -0.016062271569106567 -0.029427012166775558 0.017693244027197765 -0.054874880666423466 -0.0021712927899143891 0.013538945925201891 -0.0077939874744900554 -0.047909025955845827 -0.0011478377077743999 -0.014130949511109986 0.041542848881621089 -0.020566405606096429 0.023228660386723797 0.040536251099408879 0.035980459434632177 -0.0053192533446127475 0.0044598215027563662 0.020710631392838186 0.0068371649774966363 0.012935171760099279
leaf_weight=14.80245154397562 13.320671726483853 14.884494708385317 16.293016329873353 15.569982612505553 10.448135900311174 21.67671593092382 13.549542740453036 25.123409905470908 7.9812534153461447 15.212583214975892 24.767501158639789 11.997722128173338 11.845931181218473 13.400156147312375 22.039597363211215 13.851876772474496 20.276034501381218 17.069741357117891 21.409150980180126 13.400162750855086 20.167766151949763 16.457386787515134 18.769715605303645 15.763766203075646 15.596094140782954 12.104233557824047 12.747475312091408 12.112941720522938 15.672411739826201 14.276266405358912 14.591461408883331 23.955522970296443 13.023661656305196 14.969498686492441 17.566246195696298 24.74062293022871 12.145218279212711 15.112232832703738 22.746854731580243 11.276748863980176 16.278163462877274 15.571287769824265 15.440081258770077 18.291357148438692 13.340871581807731 12.927185120992361
leaf_count=91 88 126 113 104 107 131 84 154 90 75 156 88 93 86 137 97 142 145 139 88 132 112 115 91 99 96 121 84 90 89 85 143 79 97 116 155 84 128 159 83 92 100 110 128 84 92
internal_value=0 -0.00877745 0.0108263 -0.0144017 0.00188509 -0.00505535 0.00368608 -0.0288964 0.0248683 0.00114189 0.00610137 0.0121539 0.0222534 0.00774615 -0.00699017 -0.000898523 -0.0149456 -0.00144563 -0.00257852 -0.0180053 -0.000179958 0.010969 -0.00367719 0.0162892 -0.0300435 -0.00158268 0.0136271 -0.00454764 -0.00815888 -0.0110087 -0.0292 -0.00637038 -0.0115031 -0.0301583 -0.00332769 0.00290412 0.0170874 0.00147119 0.0376792 0.00947594 0.0208146 0.0123445 0.0206002 0.0058933 -0.00883154 0.0287828
internal_weight=0 133.759 29.6137 104.145 620.806 64.1371 42.4604 40.0079 18.4294 602.377 206.061 140.963 79.0736 41.5243 65.0985 61.8894 34.1279 396.316 381.103 50.4054 330.698 78.4542 252.243 27.7615 37.0052 235.174 37.7789 197.395 163.054 147.381 28.8677 118.514 94.5582 27.9932 66.565 54.4521 29.7115 58.2864 37.5493 43.1742 29.6783 34.341 26.7168 40.331 26.8904 25.0314
internal_count=5098 884 201 683 4214 403 272 280 197 4017 1360 939 521 271 421 418 239 2657 2582 326 2256 565 1691 179 238 1546 309 1237 1022 932 174 758 615 176 439 355 200 433 250 305 178 215 193 265 168 188
is_linear=0
shrinkage=0.05


Tree=9
num_leaves=47
num_cat=0
split_feature=102 101 88 58 35 273 87 31 30 54 94 98 0 286 283 88 286 29 116 288 288 87 47 57 0 6 102 291 7 126 117 138 233 88 274 106 102 32 286 227 291 33 32 147 2 260
split_gain=4.19988 3.60107 7.16836 6.06089 4.13775 3.21428 3.20071 3.16099 5.23679 7.43374 8.28413 5.87519 5.65631 5.52349 4.32669 4.0247 4.09593 4.0455 4.42091 3.34523 4.37338 4.79514 4.20479 4.98808 4.62944 5.05649 6.45957 4.37712 5.15237 14.7044 6.83463 6.28153 7.9289 6.22308 4.82485 4.48671 4.38154 4.1259 3.57517 3.36107 3.09416 2.95559 2.8828 2.37291 2.12942 1.89903
threshold=6.5000000000000009 7.5000000000000009 0.31250000000000006 13.500000000000002 0.52243118397129218 84.991509588880135 72.062500000000014 0.34173913043478271 -0.86013986013985988 767.50000000000011 63.500000000000007 1.0416500000000004 82.250000000000014 0.42234349251061587 -0.08514492753623186 2.7678500000000033 0.97303168749962443 -3.0833976833976826 85.000000000000014 0.99274428880883148 0.94138322595482449 63.687500000000007 0.98882623224727706 19.500000000000004 72.500000000000014 70.500000000000014 10.500000000000002 1.1471861471861475 11.250000000000002 6.5000000000000009 7.1875000000000009 24.500000000000004 32.500000000000007 0.87500000000000011 -2.2214148468668982 7.5000000000000009 12.500000000000002 1.6517374517374523 0.54748747619205651 10.500000000000002 1.0106382978723405 0.29266409266409227 1.3283783783783787 11.500000000000002 81.250000000000014 1.7261405332571622
decision_type=2 2 2 2 2 2 2 2 2 2 2 2 2 2 2 2 2 2 2 2 2 2 2 2 2 2 2 2 2 2 2 2 2 2 2 2 2 2 2 2 2 2 2 2 2 2
left_child=5 2 -2 44 6 -1 -5 8 12 11 -11 45 13 -3 -12 16 17 18 -9 20 22 -22 23 24 -19 26 40 28 30 -30 36 32 35 34 -34 -32 43 -31 -24 -28 -26 42 -17 -27 -4 -10
right_child=1 7 3 4 -6 -7 -8 15 9 10 14 -13 -14 -15 -16 41 -18 19 -20 -21 21 -23 38 -25 25 27 39 -29 29 37 31 -33 33 -35 -36 -37 -38 -39 -40 -41 -42 -43 -44 -45 -46 -47
leaf_value=-0.0029359878600729865 0.014381254553462307 -0.0052891722079644928 -0.021745643576097862 -0.011778071089746279 -0.02684568258492628 0.030324166047603969 0.024526877412497483 0.037101258501221576 -0.053471814024185743 0.029606624393963984 0.0052838930730980029 -0.0027953207446152449 -0.01562873081249087 0.032448224526431473 -0.031325141879230974 -0.0031633555864178649 -0.018525044006495083 -0.024341811086373621 0.0013783218118869722 -0.023032262407812726 0.041786296069741456 0.0017205024468075225 -0.034581647484898649 -0.021066916686258978 0.019789217133700559 -0.0074282190871823514 0.015221726447700756 0.026870466392560216 0.019201244535534269 -0.041129561127647818 0.044036054008380197 0.033954633707784086 0.032372019471024131 -0.026940180599635617 -0.010150289980950144 0.0037363715940167091 0.0065830137380857717 -0.0071007113520407533 0.0019248324716748294 0.050249237104521505 -0.010540281509696043 0.0054242168610653726 -0.037924977336942389 -0.038024853767711288 -0.056480773302170273 -0.02532481727354113
leaf_weight=11.788523613708096 18.840935436543077 16.816936872899532 10.266155431047084 11.827217417769136 15.91271768324077 17.266805614344776 10.611640893854199 17.237356301397085 15.38434547558427 14.740265177562831 14.424726041965188 15.169559648260472 21.189660232514143 21.139069963712245 16.630029927939177 10.147629810497167 20.648889464326203 12.134485932299865 16.645914521068335 11.619246337795628 13.752856409642847 15.304805223830042 13.28329752571881 18.992925005033612 14.037518295925109 12.971775036305191 13.584388150833547 16.105897855944932 24.040404427796602 25.714017026126385 14.815875561907889 25.701097007840872 11.238088074140249 20.632779451087117 13.892971111461522 12.618309006094931 21.876639352180064 14.09211181802675 12.454071462620048 15.870414827950299 18.123134814202785 12.237461428157983 14.179888319922609 12.631839871872215 10.80861162394285 14.791766090318559
leaf_count=100 119 99 94 104 109 106 66 94 92 86 82 96 120 146 122 60 142 143 91 109 111 105 94 143 108 90 78 101 151 159 93 155 87 148 104 82 124 103 87 94 119 94 134 81 74 90
internal_value=0 -0.00190464 -0.011946 -0.0203929 -0.00813985 0.0171809 0.00570495 -0.000633911 -0.00693141 -0.0143907 -0.000101388 -0.028508 0.00461115 0.0160216 -0.0146861 0.00136229 0.00269776 0.00378431 0.0200942 0.00230244 0.00314914 0.0214428 0.00154996 0.00313689 0.00473369 0.00603898 0.0186175 0.00254783 0.000566029 -0.0111817 0.00573115 0.0131752 0.00551988 -0.00722326 0.00937596 0.0262836 -0.00972637 -0.0295519 -0.0175052 0.035125 0.00289552 -0.0143527 -0.0241224 -0.0233853 -0.0413118 -0.0409296
internal_weight=0 705.14 78.2673 59.4263 38.3516 29.0553 22.4389 626.872 150.286 91.1407 45.795 45.3457 59.1457 37.956 31.0548 476.586 440.021 419.372 33.8833 385.489 373.87 29.0577 344.812 319.075 300.082 287.947 61.6155 226.332 210.226 63.8465 146.379 98.8991 73.198 45.7638 25.1311 27.4342 47.4803 39.8061 25.7374 29.4548 32.1607 36.565 24.3275 25.6036 21.0748 30.1761
internal_count=4989 4783 566 447 279 206 170 4217 933 568 290 278 365 245 204 3284 2996 2854 185 2669 2560 216 2344 2163 2020 1877 399 1478 1377 413 964 669 514 339 191 175 295 262 181 172 227 288 194 171 168 182
is_linear=0
shrinkage=0.05


Tree=10
num_leaves=48
num_cat=0
split_feature=56 12 274 102 285 58 31 137 235 272 111 291 263 283 109 97 42 291 289 280 272 287 190 101 36 31 232 283 39 233 230 31 287 277 279 220 34 229 279 100 40 287 285 58 54 198 283
split_gain=4.29257 10.706 4.60029 3.7985 4.18439 4.15956 4.38497 4.00811 3.99261 5.78997 3.40838 6.0057 6.83429 5.58699 5.868 5.46543 5.23851 4.4237 4.25806 4.35312 7.16658 3.93614 3.79528 3.54572 4.32371 4.41799 6.34861 4.88647 6.70459 4.19381 4.0193 3.76086 4.08056 3.49653 4.05232 4.04873 3.92976 3.44922 3.42534 3.3673 4.19054 3.16858 2.57678 2.48619 2.33704 2.1963 2.06437
threshold=8.2500000000000018 0.18750000000000003 -1.6648245106405619 6.5000000000000009 18.937500000000004 11.500000000000002 1.1112704686617731 24.500000000000004 996.50000000000011 -1.8268222728126922 215.00000000000003 0.96424010217113676 91.302067469525426 0.057189542483660136 116.25000000000001 6.6875000000000009 8.5000000000000018 1.0357598978288636 -0.98521978256641018 90.333520483134365 -2.3563500251862588 0.99999626446337542 23.500000000000004 9.5000000000000018 1.7031875194461945 0.32608695652173919 4.7500000000000009 -0.3100961538461538 0.35681818181818187 8.5000000000000018 10.500000000000002 0.59739130434782617 0.99999999843975795 -2.9032875884618581 -2.0061247870566938 2.5000000000000004 -0.31411831411831437 62.500000000000007 -2.7060336523026423 12.375000000000002 1.7500000000000002 0.99999999999995204 10.937500000000002 13.500000000000002 802.50000000000011 29.625000000000004 -0.10172413793103448
decision_type=2 2 2 2 2 2 2 2 2 2 2 2 2 2 2 2 2 2 2 2 2 2 2 2 2 2 2 2 2 2 2 2 2 2 2 2 2 2 2 2 2 2 2 2 2 2 2
left_child=1 2 42 7 8 -6 -7 -2 10 -10 11 18 13 14 15 -13 41 33 37 22 38 -16 23 31 25 29 -27 -28 -29 -25 -31 -20 -33 -12 36 -36 -35 -5 -21 40 -30 -17 -1 -19 -22 -34 -8
right_child=3 -3 -4 4 5 6 46 -9 9 -11 17 12 -14 -15 21 16 -18 43 19 20 44 -23 -24 24 -26 26 27 28 39 30 -32 32 45 34 35 -37 -38 -39 -40 -41 -42 -43 -44 -45 -46 -47 -48
leaf_value=0.02584297078508567 -0.00088800562033156246 -0.019423958902966457 0.044125195875062112 -0.005259622041387268 -0.044940089230760538 0.019176452548396034 -0.0019556365489028136 0.036742739345873764 0.029755342552388698 -0.010522149347756126 0.021623963016364191 -0.013636375380404929 -0.024735949526319103 -0.019051043596712822 0.0091824054484197573 0.015303381822626983 0.029972417081817762 -0.0071756566675334407 -0.0027389735288443698 0.0088682242818313353 0.01301554036912436 0.041410152013347204 0.018484457920335807 -0.040500569508749924 0.017517566456221156 0.019619766783279455 0.015257621472206995 0.018299595277148445 -0.045838043457949167 0.012609237449696768 -0.021439318011724901 -0.0040064391670643082 -0.050264231702706066 -0.042662178878639816 -0.01519943676966852 0.019165668428487097 -0.0028817807370431639 -0.043140238168916913 -0.024472926572260592 -0.0029472556639608101 -0.011774821834810347 -0.01466792641907317 -0.0034665242456170899 -0.039091314013285583 0.04662905536307517 -0.019142385228240327 -0.048342590278612318
leaf_weight=14.013162402436139 16.030997280031446 19.228729682974517 17.029512580484152 11.894130507484078 10.50409400300123 8.3499570321291703 4.3035892099142092 11.603036740794776 21.477640112163499 14.11880235839635 9.7682663518935424 24.450802925974131 14.587618313729761 13.779680012725292 16.308508414775133 16.916437497362494 26.853660044260323 9.8692301760893333 27.133138552308083 15.971962945535781 11.273228961974384 24.216783316805959 13.827560624107717 14.619110744446514 19.916758851148188 26.983590915799141 17.260065406560898 12.298815736547111 18.776157777756453 12.908012835308908 22.490217340178788 13.550899408757685 15.024323964491488 12.645241862162949 15.979548750445245 16.323487630113959 11.675081440247594 11.835901856422424 13.231681533157824 17.237873294390738 18.321348948404193 16.367362359538674 14.566977642476557 17.600773461628705 10.613883808255194 11.72628935612738 4.6797057294752413
leaf_count=87 133 135 106 86 118 54 31 70 159 103 73 127 87 111 96 102 158 81 159 101 86 131 82 78 137 153 98 87 127 72 141 90 105 105 133 138 90 80 96 101 113 95 95 144 81 73 135
internal_value=0 0.0111888 0.0242348 -0.00218579 -0.00296947 -0.0215914 -0.00576246 0.0156438 -0.00209971 0.0139289 -0.00309843 -0.00141708 0.00675323 0.0102136 0.0135623 0.00592632 0.0139731 -0.011775 -0.00514824 -0.00355865 0.00966596 0.0289743 -0.0061637 -0.00760528 -0.0039116 -0.00665607 -0.00104362 -0.00784257 -0.0139633 -0.0188334 -0.00901815 -0.0173072 -0.0268116 -0.00462778 -0.00945321 0.00222012 -0.0244334 -0.0251339 -0.00654821 -0.0214647 -0.0297659 0.000566999 0.0112921 -0.0282797 0.0306411 -0.0378032 -0.028542
internal_weight=0 64.8384 45.6097 675.305 647.671 27.8373 17.3333 27.634 619.834 35.5964 584.237 490.376 153.481 138.893 125.114 84.5883 60.1375 93.8616 336.895 313.165 51.0908 40.5253 262.074 248.247 180.812 160.895 110.878 83.8943 66.6342 50.0173 35.3982 67.4347 40.3015 66.3916 56.6234 32.303 24.3203 23.73 29.2036 54.3354 37.0975 33.2838 28.5801 27.47 21.8871 26.7506 8.98329
internal_count=5043 423 288 4620 4417 338 220 203 4079 262 3817 3053 907 820 709 482 355 764 2146 1980 364 227 1616 1534 1107 970 679 526 428 291 213 427 268 539 466 271 195 166 197 341 240 197 182 225 167 178 166
is_linear=0
shrinkage=0.05


Tree=11
num_leaves=45
num_cat=0
split_feature=31 88 7 97 97 31 31 57 137 76 137 58 158 283 36 36 232 146 201 259 259 259 193 234 90 260 279 88 113 262 272 8 34 154 279 280 198 275 74 55 33 120 34 34
split_gain=3.59871 7.98914 5.52043 5.12922 5.85038 5.01548 4.90311 5.31267 4.43222 6.4024 5.27555 6.97042 4.84888 4.24504 3.89913 5.67779 4.8752 4.73496 4.02501 4.80239 4.87257 6.00229 7.90185 5.31948 5.23748 7.40641 4.94164 4.38628 3.83194 5.09778 7.71417 9.21315 6.88533 5.12477 5.98927 5.11006 4.89215 6.79283 3.43351 3.30597 3.05661 1.96847 1.86016 1.85149
threshold=1.8848150292363808 0.87500000000000011 14.250000000000002 7.6875000000000009 6.4375000000000009 2.7573913043478266 2.0932628230172465 11.250000000000002 8.2500000000000018 1.5000000000000002 11.500000000000002 10.500000000000002 5.5000000000000009 -0.063508064516129017 0.78934539344665999 1.0150764990936214 63.750000000000007 8.5000000000000018 57.250000000000007 -10.766901560699543 -5.7334214210250716 -4.4065756392730444 14.750000000000002 27.500000000000004 74.375000000000014 4.4297199895362942 -2.0852334459183779 0.87500000000000011 165.00000000000003 5.0000000000000009 -2.0758971630108012 87.500000000000014 0.48245268245268208 4.2500000000000009 -2.150472353724036 81.591325983488034 1.3333250000000001 81.576151590999373 5.7500000000000009 787.50000000000011 -1.1405405405405402 7.8125000000000009 -0.31411831411831437 -0.61188521591747413
decision_type=2 2 2 2 2 2 2 2 2 2 2 2 2 2 2 2 2 2 2 2 2 2 2 2 2 2 2 2 2 2 2 2 2 2 2 2 2 2 2 2 2 2 2 2
left_child=8 6 3 4 -3 -4 -2 -8 9 28 11 -10 13 -11 17 16 -16 -12 19 -17 23 38 -23 -21 25 -24 27 -25 29 32 35 36 33 -1 -35 -31 -32 -38 -22 -27 -9 -30 -15 -36
right_child=1 2 5 -5 -6 -7 7 40 10 12 14 -13 -14 42 15 18 -18 -19 -20 20 21 22 24 26 -26 39 -28 -29 41 30 31 -33 -34 34 43 -37 37 -39 -40 -41 -42 -43 -44 -45
leaf_value=0.005019006304614982 0.015945292215338729 0.034983765394702299 0.017936510275378858 0.052932659306346656 -0.016414910512508856 -0.033356375991049077 0.013374498716023382 -0.0057138838079989528 -0.0052773280829589674 0.0052774537583221868 -0.0068502417335229923 0.038103463910154178 -0.037682070420505392 -0.033405841421841886 -0.03418636192496282 -0.019674015188248892 0.0026693674060360821 0.032078427085868659 -0.024021184116373433 0.040398805189787057 -0.03665007014905234 -0.023374610236182432 0.044662700689331779 0.011726856501077298 -0.0089226198803414158 0.021494839136406808 0.025695050091435797 -0.020597512182235819 -0.038532792303207213 -0.025614262403719831 0.042623710599061254 -0.0088406303833366961 0.018214932497524473 -0.0043463466096419221 -0.02473095700073865 0.008613729565258358 -0.0056250716108099241 0.034830847111114116 -0.0038856021580656354 -0.010963459449694081 -0.04467791218768466 -0.006122544826599941 -0.0053113496705815035 -0.053959627353051723
leaf_weight=19.744150939397514 15.525598932523279 13.124505704501646 12.063313635997476 16.11153943487443 8.3333573131822032 6.5037676380015901 9.0853115608915704 8.24190367665142 15.27422742731869 24.698526866734028 12.282773735001685 21.694352500140667 21.478944921866059 15.874485303647818 21.30546523630619 19.600812336429954 14.783752627670763 19.10506100114435 13.339283708482979 15.585307415574787 14.05025597009808 17.126604727469385 20.12903662584722 23.332971269264817 18.061743779107928 14.955583995208146 24.615809018723667 17.469087146222591 8.7461938811466098 24.10320741776377 23.825852125883102 28.424291023053229 17.512581124901772 20.704191852826625 14.163031345233323 18.588388374075294 21.210023459047079 18.877943113446236 17.632576497271657 14.546951443888245 13.404087208677081 9.8946022093296051 9.7232596715912205 12.822573573328553
leaf_count=139 114 118 139 138 84 90 81 81 102 136 83 135 144 127 137 120 96 117 86 86 82 107 127 148 108 90 157 110 74 135 138 151 111 147 92 105 122 106 106 92 126 96 92 97
internal_value=0 0.00902121 0.0215395 0.0323231 0.0151805 -0.000817099 -0.00630512 -0.0176944 -0.00102555 -0.0053213 0.00295994 0.020513 -0.0183042 -0.00945563 0.000720482 -0.00126555 -0.0194237 0.0171036 0.00164976 0.00332991 0.00570047 -0.000864495 0.00608729 0.0150379 0.013773 0.0220454 0.00847861 -0.00227424 -0.00135599 0.000530969 0.00655153 0.0146293 -0.00900409 -0.0162357 -0.0249578 -0.010855 0.0250425 0.0138102 -0.0190923 0.00565574 -0.0307494 -0.0225169 -0.0233351 -0.0400512
internal_weight=0 102.393 56.1365 37.5694 21.4579 18.5671 46.2569 30.7313 645.284 310.392 334.892 36.9686 71.7752 50.2963 297.923 266.535 36.0892 31.3878 230.446 217.107 197.506 116.503 84.8199 81.0032 67.6933 49.6316 65.4179 40.8021 238.617 219.976 135.03 92.3381 84.9465 67.4339 47.6898 42.6916 63.9138 40.088 31.6828 29.5025 21.646 18.6408 25.5977 26.9856
internal_count=5072 971 569 340 202 229 402 288 4101 2012 2089 237 499 355 1852 1652 233 200 1419 1333 1213 712 524 501 417 309 415 258 1513 1343 757 517 586 475 336 240 366 228 188 182 207 170 219 189
is_linear=0
shrinkage=0.05


Tree=12
num_leaves=48
num_cat=0
split_feature=46 111 34 263 282 137 98 156 285 209 0 30 56 12 234 283 33 55 39 212 33 138 14 73 186 90 138 46 283 95 220 283 279 44 291 288 260 289 187 154 289 33 35 9 87 154 286
split_gain=3.09287 2.73687 6.78763 4.47834 2.84767 5.35447 6.10656 7.55691 5.30661 4.71524 4.63535 7.53735 5.12884 4.60536 4.5877 4.01509 4.46733 4.01799 6.60804 5.04463 7.25264 4.76116 6.2507 4.14567 7.19534 5.98312 5.30133 5.28473 5.79435 5.922 7.2514 5.03216 3.82564 3.8229 5.69044 3.78695 4.30352 3.50779 3.29175 4.2575 4.34582 3.2428 3.14593 3.13981 2.92566 2.86724 2.28243
threshold=262.50000000000006 335.00000000000006 -0.99780759780759787 75.732248408455789 -1.7499999999999998 26.500000000000004 0.31250000000000006 10.500000000000002 11.013400000000006 1.6250000000000002 86.750000000000014 0.12587412587412614 12.250000000000002 0.062500000000000014 69.500000000000014 -0.27525252525252519 -6.2312741312741293 747.50000000000011 0.47727272727272735 4.5000000000000009 0.23430152123102196 28.500000000000004 0.069444444444444461 81.750000000000014 13.500000000000002 73.875000000000014 12.500000000000002 157.50000000000003 -0.17914438502673793 72.500000000000014 3.5000000000000004 -0.15587044534412953 -2.2365470151679361 7.5000000000000009 1.0645833333333334 0.89017062131308955 2.489503595796823 0.2499757677084001 4.7500000000000009 3.6250000000000004 0.84199059757024453 -0.68339768339768348 0.52243118397129218 0.75000000000000011 73.437500000000014 5.1250000000000009 0.29406651615952301
decision_type=2 2 2 2 2 2 2 2 2 2 2 2 2 2 2 2 2 2 2 2 2 2 2 2 2 2 2 2 2 2 2 2 2 2 2 2 2 2 2 2 2 2 2 2 2 2 2
left_child=1 4 -3 -4 5 6 37 9 10 -8 11 -7 -12 -9 15 -6 -17 18 21 20 46 22 -18 24 31 27 44 -26 -29 30 -30 45 -16 35 38 36 -33 -1 39 -35 -41 -36 -28 -24 -25 -19 -20
right_child=-2 2 3 -5 14 8 7 13 -10 -11 12 -13 -14 -15 32 16 17 23 19 -21 -22 -23 43 26 25 -27 42 28 29 -31 -32 33 -34 34 41 -37 -38 -39 -40 40 -42 -43 -44 -45 -46 -47 -48
leaf_value=-0.021600108684879563 -0.022424400606202734 -0.019772559278057253 -0.0020041617090275961 0.048513203434687055 -0.027039925049472221 0.012920216130496296 0.016660122791985157 0.012801548502650596 -0.025457937584544805 -0.016515140183687906 -0.0066910989728778585 -0.036878319508277593 0.026879862788511007 0.045454901928443439 -0.0025589791125460856 0.024465211536211933 0.029201896631976559 0.031832399755778285 -0.02408469166889346 0.0032763262664068232 -0.0030220691798708375 -0.022168647580089643 -0.024991446817647395 -0.0128201162423186 -0.0052315481576889842 -0.01660318886220034 -0.012076137427562885 -0.0031706799632484489 -0.0083082551512131224 0.066166610804251999 0.042871824741876244 -0.043240644402073349 0.032303185977855121 -0.012954610464645178 -0.0025644873974063924 0.001695229807109466 -0.0056435252559982104 0.0089888570599296943 -0.010920777072271575 0.034805396305570432 -0.0016057501043415527 -0.044036351891804909 -0.048351518584601606 0.0090272272998273631 0.023174213571280584 0.00032710332806158043 -0.051266295823786084
leaf_weight=17.065928176045418 13.852740930626167 8.4553804439492541 6.4055839707143631 12.411135484930126 16.348448887467384 13.898107693530621 25.04036467615515 19.414957890287042 21.490908931940794 17.2182183759287 19.674515768885612 14.790746700018643 24.953320372849703 26.709558205679059 14.333349165506663 13.854771742597221 21.002894527278841 12.900928476825358 16.986588827334344 17.386550207156688 20.542749415151775 14.629112992435692 11.704370178282263 10.582309272140266 14.562831135466693 11.793239293619989 14.292369706556203 11.097523121163247 10.817879308480771 11.693570274859665 16.920014813542366 18.640936135314409 16.088211229071021 11.061076708603649 8.8936563821043837 15.143065776675938 12.980009282939134 18.629115742631257 19.495095173828304 21.721898581832647 12.684656216297297 9.3537440821528417 10.555510908365248 13.739794591441749 10.08412771206349 15.073454193770884 20.667474141344428
leaf_count=93 118 92 105 121 105 97 151 105 124 114 107 90 129 150 96 77 131 74 108 112 139 115 132 85 96 82 119 65 83 88 122 135 97 85 75 115 83 112 130 159 82 95 78 79 75 89 128
internal_value=0 0.00062467 0.0158749 0.0320828 5.6438e-06 0.00471572 0.0115132 0.0185028 -0.00420776 0.00307359 0.00227993 -0.0131312 0.0122576 0.0322736 -0.0021582 -0.00344871 -0.00249304 -0.00344509 -0.0104407 -0.0202247 -0.0271825 0.00179793 0.00965466 -9.97457e-06 0.00268076 0.0151221 -0.0136521 0.0210343 0.0285589 0.0373464 0.0233169 -0.00343238 0.0163189 -0.00758416 -0.00109858 -0.0188597 -0.0284536 -0.00582593 0.00589426 0.0131839 0.0217155 -0.0250067 -0.0287605 -0.00697474 0.00500218 0.0154536 -0.0399444
internal_weight=0 723.79 27.2721 18.8167 696.518 218.886 124.078 88.3831 94.8076 42.2586 73.3167 28.6889 44.6278 46.1245 477.632 447.211 430.862 417.007 136.66 75.5834 58.1968 61.0762 46.4471 280.348 234.834 76.8851 45.5143 65.0918 50.529 39.4315 27.7379 157.949 30.4216 129.974 83.2101 46.764 31.6209 35.695 64.9627 45.4676 34.4066 18.2474 24.8479 25.4442 20.6664 27.9744 37.6541
internal_count=5042 4924 318 226 4606 1272 725 520 547 265 423 187 236 255 3334 3141 3036 2959 944 487 375 457 342 2015 1658 536 357 454 358 293 205 1122 193 959 626 333 218 205 456 326 241 170 197 211 160 163 236
is_linear=0
shrinkage=0.05


Tree=13
num_leaves=46
num_cat=0
split_feature=99 103 31 30 259 115 34 80 42 31 39 1 146 118 284 98 155 44 157 278 274 209 85 58 74 30 6 57 118 187 34 273 263 31 263 13 31 290 138 187 118 273 283 54 42
split_gain=2.59162 3.43228 2.73924 7.75912 5.98259 4.10214 3.18603 2.70316 3.23194 3.13728 5.00422 5.28332 5.81931 5.57957 4.75776 4.63895 6.08892 5.52747 5.31458 4.45363 5.70048 7.58592 6.27182 4.93742 4.91769 6.02425 4.84464 4.4048 3.95851 12.6482 4.91525 5.62185 5.96204 5.6723 5.45157 5.20904 3.76024 3.44269 4.82025 4.25589 3.41528 3.17449 2.73814 2.4289 0.675901
threshold=15.875000000000002 12.500000000000002 2.0932628230172465 1.2377622377622381 -1.3048168701479654 95.000000000000014 0.035186435186434946 69.125000000000014 6.5000000000000009 1.053280896764619 0.80909090909090919 80.125000000000014 10.333350000000001 0.62500000000000011 1.7362318840579711 1.0416500000000004 14.500000000000002 12.500000000000002 2.2500000000000004 88.719613481076649 -2.5037572620745201 1.2916750000000004 89.500000000000014 13.500000000000002 7.7500000000000009 -0.25174825174825155 79.250000000000014 14.750000000000002 1.0000000180025095e-35 1.0000000180025095e-35 0.021934821934821994 87.455166497307957 84.126357769688966 0.12782608695652178 81.208891531301944 7.5000000000000009 0.28709677419354845 7.5000000000000009 40.500000000000007 55.750000000000007 0.37500000000000006 85.200543638550741 -0.093073593073593058 827.50000000000011 7.5000000000000009
decision_type=2 2 2 2 2 2 2 2 2 2 2 2 2 2 2 2 2 2 2 2 2 2 2 2 2 2 2 2 2 2 2 2 2 2 2 2 2 2 2 2 2 2 2 2 2
left_child=1 2 7 -4 5 -5 -6 8 -1 19 11 13 15 27 -12 16 18 -17 -13 24 26 23 -23 -22 28 -26 -21 -11 29 -9 31 32 35 -34 -32 -30 -31 39 -39 -14 -18 -36 -37 44 -7
right_child=-2 -3 3 4 6 43 -8 9 -10 10 14 12 37 -15 -16 17 40 -19 -20 20 21 22 -24 -25 25 -27 -28 -29 30 36 34 -33 33 -35 41 42 -38 38 -40 -41 -42 -43 -44 -45 -46
leaf_value=-0.03672398667912518 0.021504946240912624 -0.020054746377707766 0.021470891245213522 -0.0017181357559306731 -0.015769434522955369 -0.058578840087986618 0.025324131363265213 0.023538639874549794 0.0061346192248406244 -0.0019527208656471427 0.0016498480169128483 0.025116336562673616 -0.013085188697477415 0.015127306129540517 0.033033865148856555 -0.01864844058161981 0.045068775252498243 0.020340513594025243 -0.012888422454903074 -0.0077410863280936663 0.021858487507052146 -0.050763476174820923 -0.0086738812883480638 -0.018496077780680058 0.010145466388553596 -0.033075388203472354 0.028046788402621776 -0.044369443082264891 0.03773330048047438 -0.042337201059893137 -0.024240343865495038 0.040560384042278928 0.016073161800776236 -0.022276239347872057 0.020982170986584493 -0.004899615981640318 -0.010396794041641079 0.0005174935463235418 -0.038222833382611732 0.02368608344029853 0.013890017777057227 -0.0065866259628498671 0.021999556966919381 -0.01459369542606951 -0.0313095873409008
leaf_weight=9.033468209672721 12.762835485860704 20.548477019183338 15.380566073814405 10.716981767443938 7.8014498950215083 10.082351082935935 9.2818236700259131 22.274163704365492 7.3898063935339442 10.32038673060015 20.580831310711801 16.046728124842048 14.351760457269849 10.24710704339668 28.605683382600546 20.102820091415197 23.655684211291373 14.976708563975988 19.051562402397394 25.705440638586879 13.40310329385102 21.057413331232965 15.595203427597879 15.00079691596329 12.870227023959162 19.015382543206215 13.688035506755112 14.391214312985538 22.908816890791059 14.355734053999184 19.152432429604232 16.879693385213614 16.104032790288329 21.217644087970257 20.253179604187608 20.116352876648307 25.388581358827651 17.271454026922587 13.96265805326402 15.253114383667706 15.542400917969642 19.80964482948184 16.385506136342883 9.0656054341234249 8.8844503248110396
leaf_count=108 79 126 128 99 127 105 83 122 68 111 129 102 101 77 150 128 148 106 132 154 89 143 115 100 74 125 86 121 151 83 107 97 94 126 117 106 152 121 96 96 98 125 97 105 70
internal_value=0 -0.000394442 0.000199309 -0.00903443 -0.0176678 -0.0283198 0.00672358 0.00123607 -0.0181941 0.00177442 0.00604047 0.00256531 0.00621305 -0.0148745 0.0201966 0.0130657 0.0200633 -0.00190025 0.00470156 -0.00115736 -0.00985827 -0.0188441 -0.0335609 0.000642026 0.00227395 -0.0158518 0.0050806 -0.0274197 0.00479171 -0.00597655 0.00866802 0.0147137 0.00983462 -0.00574113 -0.00298312 0.0195523 -0.0226897 -0.0061186 -0.0174492 0.00601512 0.0333592 0.00752195 0.00743994 -0.0380803 -0.0480132
internal_weight=0 733.726 713.178 71.2132 55.8327 38.7494 17.0833 641.965 16.4233 625.541 254.36 205.174 170.215 34.9587 49.1865 109.376 74.2964 35.0795 35.0983 371.181 104.45 65.0565 36.6526 28.4039 266.731 31.8856 39.3935 24.7116 234.846 62.0185 172.827 113.612 96.7324 37.3217 59.2153 59.4107 39.7443 60.839 31.2341 29.6049 39.1981 40.0628 36.5019 28.0324 18.9668
internal_count=5077 4998 4872 717 589 379 210 4155 176 3979 1716 1437 1128 309 279 714 480 234 234 2263 687 447 258 189 1576 199 240 232 1377 357 1020 671 574 220 349 354 235 414 217 197 246 242 203 280 175
is_linear=0
shrinkage=0.05


Tree=14
num_leaves=50
num_cat=0
split_feature=249 272 272 221 214 58 157 286 110 58 214 146 102 98 102 41 156 49 107 227 156 100 56 195 88 286 202 100 290 74 289 284 221 80 259 55 281 148 232 211 55 55 10 55 194 226 149 291 260
split_gain=2.59488 2.27887 4.18125 3.35171 2.91842 5.76911 4.44763 7.7899 5.95215 3.81934 3.76673 5.86664 5.94134 4.6671 4.79333 5.80353 6.60026 5.19138 4.66232 4.37762 4.35059 4.28093 6.28599 5.36454 6.95228 6.50724 6.77368 5.4002 4.95509 6.75345 9.27022 3.71083 5.24522 5.51545 3.7717 3.63038 3.59926 3.48194 3.44462 3.37796 3.26707 4.38302 3.13316 2.97555 2.54789 2.2047 1.96285 1.92381 0.923786
threshold=0.87500000000000011 -2.8218584074849677 -2.7426008137326812 1.0000000180025095e-35 1.0000000180025095e-35 29.500000000000004 25.500000000000004 0.69942630166956266 100.71430000000002 13.500000000000002 1.5000000000000002 7.5000000000000009 10.500000000000002 0.18750000000000003 8.5000000000000018 7.5000000000000009 29.500000000000004 0.44272750842623804 101.87500000000003 69.500000000000014 26.500000000000004 7.3750000000000009 11.250000000000002 24.500000000000004 0.31250000000000006 0.59050901476481876 14.500000000000002 11.625000000000002 2.5000000000000004 7.2500000000000009 0.39629089145655322 2.2426470588235299 2.5000000000000004 84.375000000000014 -2.221531958052259 762.50000000000011 90.466252802599797 38.500000000000007 13.750000000000002 2.5000000000000004 862.50000000000011 747.50000000000011 0.12500000000000003 797.50000000000011 1.5000000000000002 43.500000000000007 27.500000000000004 1.0385185185185188 2.1802477300535594
decision_type=2 2 2 2 2 2 2 2 2 2 2 2 2 2 2 2 2 2 2 2 2 2 2 2 2 2 2 2 2 2 2 2 2 2 2 2 2 2 2 2 2 2 2 2 2 2 2 2 2
left_child=1 3 -3 -1 5 6 7 8 9 40 11 12 18 42 15 47 -17 20 -6 37 -16 22 -19 24 -23 27 -27 36 -26 30 -30 32 33 34 -10 -9 48 45 -14 -24 41 -4 -12 -11 -34 -13 -20 -15 -25
right_child=-2 2 4 -5 10 -7 -8 35 31 43 13 19 38 14 17 16 -18 21 46 -21 -22 23 39 25 28 26 -28 -29 29 -31 -32 -33 44 -35 -36 -37 -38 -39 -40 -41 -42 -43 -44 -45 -46 -47 -48 -49 -50
leaf_value=-0.0057230749182153968 -0.022063780521602364 -0.024655595625660984 -0.026540670437986261 0.027070903807730265 0.016979799809097522 0.035529503654497356 -0.016513853461995465 0.0091840429333599535 0.048095426366820848 -0.0061567710718144035 0.0010399662286977092 0.013975831004996104 -0.014769096245300362 -0.015001158965696587 -0.028117907829330508 -0.014739994698108586 0.030691762631846888 -0.0058250601803973897 -0.0037610504410869384 -0.017981906650523936 0.0093004037188771441 -0.015347752280235423 0.018723393465872033 -0.053779030500557982 0.00021030116700065162 -0.011963365809149992 0.037228868838918558 0.01034973773564116 -0.0066429461526944988 0.054044394278579502 0.044502831127520966 -0.012507347124416264 0.012701656396279777 0.0002210687612242845 0.012131433934463354 0.04289576585827639 -0.0040195399195415106 0.028876850256000359 -0.050727711049054582 0.056722867787495815 -0.037233226456205942 0.0058144966133509531 -0.033436476221705043 0.021674115157742462 -0.01752025761309468 -0.015863756745774497 -0.032552031118379031 -0.043476102771197012 -0.026244488117186882
leaf_weight=12.740073977969589 11.879162945551796 15.807652276940642 17.970396957360208 17.925027246121317 13.423118436243383 13.442887849407269 25.177413867786527 15.647089733742176 20.941391392843794 25.171145445667207 11.322236859705301 11.393333438783886 12.712741097435357 17.736489682225514 17.674893395975236 17.447070166235793 13.147078908979891 11.625805740710346 11.636917975964026 16.92903726012446 12.632863118313251 16.302411939948797 13.561997487209739 8.8379084460903012 22.163837912492454 12.701982837170364 13.629680813290177 11.817409891635178 20.366104575805366 16.402750826207921 14.387457174248992 14.108113371301441 12.256150034256281 16.28395292814821 12.201006133109333 16.920108651742339 10.003304285928605 16.038407439365983 16.181017889641225 11.775234719738362 12.856453401967881 22.711819114629179 14.573233800008891 14.22654258739203 13.768317981623111 11.371492997277526 11.70616158749908 9.5413892932701838 9.9550914699211699
leaf_count=83 83 99 122 119 92 95 159 93 123 153 73 81 76 149 104 127 79 86 93 105 83 107 97 77 147 82 85 80 130 138 93 106 107 117 103 104 79 106 123 76 77 153 125 84 88 79 71 85 86
internal_value=0 0.000576552 -1.81705e-05 0.0136959 0.000587544 0.00482842 0.00297035 0.00531725 0.00123858 -0.00758645 -0.00192564 -0.00934496 -0.0193567 0.00102307 0.00291332 -0.00980225 0.00513668 0.00622982 -0.0057257 0.00258347 -0.0127223 0.00924795 0.0243329 0.00555481 0.0134921 -0.00511338 0.0139298 -0.017498 0.0200248 0.0284409 0.0151831 0.0103791 0.0147661 0.0241788 0.0355988 0.0274549 -0.0288899 0.0117821 -0.0359299 0.0378665 -0.0161635 -0.00877148 -0.0188842 0.00418074 -0.00334399 -0.000969972 -0.0189433 -0.0261465 -0.0412562
internal_weight=0 729.154 698.489 30.6651 682.681 253.683 240.24 215.062 182.495 92.9364 428.998 121.392 65.66 307.606 281.711 57.872 30.5941 223.839 36.7662 55.7323 30.3078 193.531 36.963 156.568 89.6226 66.9454 26.3317 40.6137 73.3202 51.1563 34.7536 89.5589 75.4508 49.4264 33.1424 32.5672 28.7963 38.8032 28.8938 25.3372 53.5387 40.6822 25.8955 39.3977 26.0245 22.7648 23.3431 27.2779 18.793
internal_count=5082 4999 4797 202 4698 1684 1589 1430 1233 589 3014 826 455 2188 1990 440 206 1550 256 371 187 1363 259 1104 615 489 167 322 508 361 223 644 538 343 226 197 242 266 199 173 352 275 198 237 195 160 164 234 163
is_linear=0
shrinkage=0.05


Tree=15
num_leaves=49
num_cat=0
split_feature=40 31 35 33 259 44 289 48 214 81 50 260 279 286 284 58 144 187 108 277 277 259 182 211 290 31 87 279 31 14 36 233 289 279 221 38 168 145 38 227 92 148 33 157 157 44 98 99
split_gain=2.6275 4.31932 5.32745 4.53621 5.1627 6.03794 6.49471 6.33354 5.62818 7.97218 5.29076 5.45111 7.31231 5.09037 5.04855 4.31181 5.2324 4.26618 3.8257 3.81198 5.91468 5.4666 5.7752 3.78774 3.44258 5.04375 3.84706 3.28699 6.37228 5.92993 7.96579 7.26971 4.48811 4.52985 4.30885 3.80906 6.79098 5.004 4.08198 3.20801 4.12343 3.17021 2.71356 2.60821 3.75468 2.23468 1.63341 1.32953
threshold=1.2500000000000002 -0.41502028729111767 0.92016825471890717 1.4193050193050185 -8.7817598114683104 72.500000000000014 -0.59177783207548873 3.9414437175727501 1.0000000180025095e-35 81.500000000000014 0.88557947820657856 5.344229941789659 -1.6753987028054949 0.58527540829026703 1.7573529411764708 9.5000000000000018 4.5000000000000009 0.66667500000000013 12.708349999999998 -1.2522041221250058 -1.4181057111095277 -5.9402012438865146 4.5000000000000009 2.5000000000000004 9.5000000000000018 0.67565217391304355 65.937500000000014 -1.4748766245247027 0.99391304347826104 0.069444444444444461 1.4036712720230671 59.500000000000007 -0.83375966452616657 -2.4795050559743612 1.5000000000000002 0.87500000000000011 1.0000000180025095e-35 18.500000000000004 0.37500000000000006 30.500000000000004 71.500000000000014 19.500000000000004 -0.61698841698841689 4.5000000000000009 1.2500000000000002 12.500000000000002 0.62500000000000011 9.0625000000000018
decision_type=2 2 2 2 2 2 2 2 2 2 2 2 2 2 2 2 2 2 2 2 2 2 2 2 2 2 2 2 2 2 2 2 2 2 2 2 2 2 2 2 2 2 2 2 2 2 2 2
left_child=1 -1 3 4 8 6 13 10 9 -3 -8 24 -13 14 -6 -10 -17 -5 -15 20 27 22 -21 47 25 -12 45 29 34 32 39 -32 33 -2 -29 36 38 -37 -34 -31 -41 -28 -33 44 -27 -26 -45 -19
right_child=19 2 -4 17 5 -7 7 -9 15 -11 11 12 -14 18 -16 16 -18 23 -20 21 -22 -23 -24 -25 26 43 41 28 -30 30 31 42 35 -35 -36 37 -38 -39 -40 40 -42 -43 -44 46 -46 -47 -48 -49
leaf_value=0.020099761786695591 0.0082469289997171621 -0.00020237669481968832 0.021259110276338779 0.0084757167135580142 0.006768885590911604 0.021811210358437957 0.0062388441924370892 0.023177694556407454 0.01766566955783426 0.050266145534228437 -0.066211642017248259 -0.028149013244842494 0.019712856875207123 0.00048853177603813745 -0.035068527704928777 0.0081225866182331099 -0.036783547608979818 -0.045702309972578764 0.035632999013481895 0.0036627412231218016 -0.025427561261381338 -0.0035265664080734714 0.047381492858239865 -0.0028449639972280127 -0.014268306799372285 -0.035306199731659486 0.014962835554505637 0.021404350020761131 0.036439895317676593 -0.0041599688374239227 -0.016451786098077528 0.035969737411840542 0.0099228035749358151 -0.026367286940885096 -0.012800442083275016 0.038803798216236023 0.033101804035528808 0.00081756548257597204 -0.018589704589189369 -0.055417629515291035 -0.017300983676468186 -0.019716242950104927 0.0036719149935608552 -0.018888453258611757 0.011318563399609042 -0.047421658402646935 -0.049865837682622607 -0.019798134199580212
leaf_weight=19.923271642997861 20.287784911692142 15.462099901400508 19.948606236837804 10.91072583477944 18.498647862114016 17.13167315791361 21.600537896156311 10.033816020935772 14.65472799958661 14.825366084463893 10.087102323770521 13.477993190521376 16.788103177212179 14.169999820180239 10.557574281468986 11.768807438202204 12.680006979964672 15.950925816781821 16.148978842422366 13.035055346786978 17.767920789308846 20.500536838546395 17.57392945792526 12.283852590247987 11.826807430479677 6.7647961305920026 12.406620189547541 14.834487421438096 19.702479055151343 16.136147694662213 19.661181195173413 15.198402328416707 24.848318811506033 16.143698148429394 21.010020479559898 23.67601129040122 15.451626185327767 13.433125503361223 23.478250584565103 10.9818870392628 21.058496415615082 11.97600440867245 11.283399096690117 9.4421015377156454 8.9361757724545878 9.9666211756411922 11.255503726890309 10.54542516171932
leaf_count=122 107 88 123 87 153 148 133 66 90 95 62 118 112 83 86 78 91 140 93 77 125 135 105 77 96 94 86 94 125 99 142 107 146 86 119 142 87 84 132 76 158 78 89 80 109 109 108 74
internal_value=0 -0.00201258 -0.00325389 -0.004707 -0.00236433 -0.00595499 -0.00826958 -0.0136447 0.00950713 0.0253184 -0.0163428 -0.0203291 -0.00181944 0.00571688 -0.00909372 -0.00306537 -0.0156975 -0.018546 0.0197478 0.0039203 0.00177854 0.0164201 0.0294684 -0.0261705 -0.0262909 -0.0358875 -0.016074 0.00354415 0.0143524 0.000901774 -0.00869795 0.00610573 0.00751071 -0.00738613 0.00155217 0.0129098 0.00534166 0.0254354 -0.00402533 -0.0227126 -0.0316474 -0.00217617 0.0228426 -0.0259381 -0.00968101 -0.0308454 -0.037256 -0.0364875
internal_weight=0 390.023 370.1 350.151 300.46 231.069 213.937 154.562 69.391 30.2875 144.528 122.928 30.2661 59.3752 29.0562 39.1035 24.4488 49.6909 30.319 356.063 304.953 51.1095 30.609 38.7802 92.6617 46.4857 46.1761 287.185 55.547 231.638 94.3195 46.143 137.319 36.4315 35.8445 100.887 63.7782 37.1091 48.3266 48.1765 32.0404 24.3826 26.4818 36.3986 15.701 21.7934 20.6976 26.4964
internal_count=5114 2879 2757 2634 2256 1814 1666 1251 442 183 1185 1052 230 415 239 259 169 378 176 2235 1918 317 182 291 822 453 369 1793 338 1455 671 338 784 193 213 591 365 226 278 333 234 164 196 391 203 205 188 214
is_linear=0
shrinkage=0.05


end of trees

feature_importances:
Column_58=22
Column_279=21
Column_31=17
Column_274=17
Column_33=16
Column_54=16
Column_283=16
Column_288=15
Column_259=14
Column_286=14
Column_34=13
Column_55=13
Column_260=11
Column_272=11
Column_36=10
Column_157=10
Column_30=9
Column_97=8
Column_98=8
Column_102=8
Column_214=8
Column_289=8
Column_291=8
Column_32=7
Column_39=7
Column_80=7
Column_87=7
Column_88=7
Column_158=7
Column_220=7
Column_273=7
Column_74=6
Column_100=6
Column_108=6
Column_137=6
Column_138=6
Column_156=6
Column_187=6
Column_201=6
Column_233=6
Column_277=6
Column_284=6
Column_287=6
Column_290=6
Column_0=5
Column_35=5
Column_42=5
Column_44=5
Column_46=5
Column_56=5
Column_78=5
Column_107=5
Column_117=5
Column_182=5
Column_226=5
Column_263=5
Column_8=4
Column_12=4
Column_13=4
Column_29=4
Column_38=4
Column_48=4
Column_57=4
Column_89=4
Column_99=4
Column_101=4
Column_109=4
Column_110=4
Column_145=4
Column_148=4
Column_149=4
Column_155=4
Column_195=4
Column_198=4
Column_210=4
Column_212=4
Column_221=4
Column_227=4
Column_232=4
Column_235=4
Column_285=4
Column_2=3
Column_7=3
Column_14=3
Column_41=3
Column_66=3
Column_90=3
Column_118=3
Column_120=3
Column_143=3
Column_146=3
Column_154=3
Column_189=3
Column_202=3
Column_209=3
Column_213=3
Column_275=3
Column_280=3
Column_282=3
Column_292=3
Column_1=2
Column_6=2
Column_16=2
Column_18=2
Column_40=2
Column_49=2
Column_50=2
Column_63=2
Column_79=2
Column_81=2
Column_92=2
Column_94=2
Column_95=2
Column_96=2
Column_103=2
Column_104=2
Column_111=2
Column_113=2
Column_115=2
Column_116=2
Column_123=2
Column_139=2
Column_147=2
Column_150=2
Column_190=2
Column_191=2
Column_192=2
Column_199=2
Column_211=2
Column_229=2
Column_234=2
Column_278=2
Column_281=2
Column_9=1
Column_10=1
Column_23=1
Column_26=1
Column_28=1
Column_37=1
Column_47=1
Column_53=1
Column_59=1
Column_71=1
Column_73=1
Column_76=1
Column_77=1
Column_85=1
Column_86=1
Column_91=1
Column_106=1
Column_112=1
Column_114=1
Column_119=1
Column_126=1
Column_144=1
Column_152=1
Column_160=1
Column_166=1
Column_168=1
Column_171=1
Column_183=1
Column_186=1
Column_188=1
Column_193=1
Column_194=1
Column_196=1
Column_197=1
Column_203=1
Column_205=1
Column_230=1
Column_249=1
Column_262=1
Column_276=1

parameters:
[boosting: gbdt]
[objective: binary]
[metric: binary_logloss]
[tree_learner: serial]
[device_type: cpu]
[data_sample_strategy: bagging]
[data: ]
[valid: ]
[num_iterations: 2000]
[learning_rate: 0.05]
[num_leaves: 63]
[num_threads: 0]
[seed: 42]
[deterministic: 0]
[force_col_wise: 0]
[force_row_wise: 0]
[histogram_pool_size: -1]
[max_depth: -1]
[min_data_in_leaf: 80]
[min_sum_hessian_in_leaf: 0.001]
[bagging_fraction: 0.8]
[pos_bagging_fraction: 1]
[neg_bagging_fraction: 1]
[bagging_freq: 1]
[bagging_seed: 400]
[feature_fraction: 0.8]
[feature_fraction_bynode: 1]
[feature_fraction_seed: 30056]
[extra_trees: 0]
[extra_seed: 12879]
[early_stopping_round: 0]
[early_stopping_min_delta: 0]
[first_metric_only: 0]
[max_delta_step: 0]
[lambda_l1: 0]
[lambda_l2: 1]
[linear_lambda: 0]
[min_gain_to_split: 0]
[drop_rate: 0.1]
[max_drop: 50]
[skip_drop: 0.5]
[xgboost_dart_mode: 0]
[uniform_drop: 0]
[drop_seed: 17869]
[top_rate: 0.2]
[other_rate: 0.1]
[min_data_per_group: 100]
[max_cat_threshold: 32]
[cat_l2: 10]
[cat_smooth: 10]
[max_cat_to_onehot: 4]
[top_k: 20]
[monotone_constraints: ]
[monotone_constraints_method: basic]
[monotone_penalty: 0]
[feature_contri: ]
[forcedsplits_filename: ]
[refit_decay_rate: 0.9]
[cegb_tradeoff: 1]
[cegb_penalty_split: 0]
[cegb_penalty_feature_lazy: ]
[cegb_penalty_feature_coupled: ]
[path_smooth: 0]
[interaction_constraints: ]
[verbosity: -1]
[saved_feature_importance_type: 0]
[use_quantized_grad: 0]
[num_grad_quant_bins: 4]
[quant_train_renew_leaf: 0]
[stochastic_rounding: 1]
[linear_tree: 0]
[max_bin: 255]
[max_bin_by_feature: ]
[min_data_in_bin: 3]
[bin_construct_sample_cnt: 200000]
[data_random_seed: 175]
[is_enable_sparse: 1]
[enable_bundle: 1]
[use_missing: 1]
[zero_as_missing: 0]
[feature_pre_filter: 1]
[pre_partition: 0]
[two_round: 0]
[header: 0]
[label_column: ]
[weight_column: ]
[group_column: ]
[ignore_column: ]
[categorical_feature: ]
[forcedbins_filename: ]
[precise_float_parser: 0]
[parser_config_file: ]
[objective_seed: 16083]
[num_class: 1]
[is_unbalance: 0]
[scale_pos_weight: 1]
[sigmoid: 1]
[boost_from_average: 1]
[reg_sqrt: 0]
[alpha: 0.9]
[fair_c: 1]
[poisson_max_delta_step: 0.7]
[tweedie_variance_power: 1.5]
[lambdarank_truncation_level: 30]
[lambdarank_norm: 1]
[label_gain: ]
[lambdarank_position_bias_regularization: 0]
[eval_at: ]
[multi_error_top_k: 1]
[auc_mu_weights: ]
[num_machines: 1]
[local_listen_port: 12400]
[time_out: 120]
[machine_list_filename: ]
[machines: ]
[gpu_platform_id: -1]
[gpu_device_id: -1]
[gpu_use_dp: 0]
[num_gpu: 1]

end of parameters

pandas_categorical:null
