tree
version=v4
num_class=1
num_tree_per_iteration=1
label_index=0
max_feature_idx=31
objective=binary sigmoid:1
feature_names=Column_0 Column_1 Column_2 Column_3 Column_4 Column_5 Column_6 Column_7 Column_8 Column_9 Column_10 Column_11 Column_12 Column_13 Column_14 Column_15 Column_16 Column_17 Column_18 Column_19 Column_20 Column_21 Column_22 Column_23 Column_24 Column_25 Column_26 Column_27 Column_28 Column_29 Column_30 Column_31
feature_infos=[56:95] [53:95] [56:95] [52:95] [54.5:95] [54.5:95] none [0:17] none [17.375:78.5] [6:40.25] [1.875:34.75] [1.2499999999999969:351.25] [-23.081421906443204:18.941170361358598] [-12.892545659532393:32.387273457577244] [0:100] [0:100] [0:5] [0:6] [0:999] [0:29] [0:999] [0:999] [0:41] [0:999] [2:8] [1:7] [4.5:46.5] [4.5:76.5] [-0.9999994220246925:0.99998555065071859] [-0.99997919295908233:0.9999907524084426] [1:12]
tree_sizes=4829 4957 5384 5272 4869 5064 4757 5081 5299 5192 5385 5365 5090 4952 5316 5084

Tree=0
num_leaves=45
num_cat=0
split_feature=10 30 18 13 27 13 16 30 13 17 16 9 16 28 15 29 10 30 15 21 10 29 29 16 19 13 13 21 14 20 9 29 9 19 21 21 0 9 20 13 7 0 15 12
split_gain=168.435 120.283 70.9749 66.7085 77.4724 45.4411 39.7332 43.8609 27.1759 23.5418 22.901 19.5739 18.6892 17.775 18.4176 16.9109 16.0705 15.1545 14.3375 17.1464 12.7385 12.3052 11.4749 11.1774 11.052 10.8048 10.5568 9.47457 9.42898 8.38095 8.33232 7.93396 7.01271 9.58559 6.71763 5.75018 5.41867 5.12791 4.78849 3.63351 3.5949 1.41542 1.1461 0.0733836
threshold=18.687500000000004 0.36447543099728863 1.5000000000000002 -5.2527457501603214 5.0000000000000009 -5.3901451346573239 26.500000000000004 0.26659387353423869 -10.685434201917904 4.5000000000000009 31.500000000000004 53.062500000000007 24.500000000000004 5.0000000000000009 3.5000000000000004 0.22700754078277605 21.312500000000004 -0.6905596507703472 33.500000000000007 30.500000000000004 17.937500000000004 -0.19337636264337835 -0.94139628442229062 19.500000000000004 54.500000000000007 -8.0354274015163512 -9.9776722985908481 10.500000000000002 1.855681082079647 1.0000000180025095e-35 66.687500000000014 -0.074117382312902977 74.437500000000014 74.500000000000014 69.500000000000014 20.500000000000004 90.500000000000014 71.937500000000014 1.5000000000000002 -11.887560929122422 1.0000000180025095e-35 79.500000000000014 54.500000000000007 93.125000000000028
decision_type=2 2 2 2 2 2 2 2 2 2 2 2 2 2 2 2 2 2 2 2 2 2 2 2 2 2 2 2 2 2 2 2 2 2 2 2 2 2 2 2 2 2 2 2
left_child=1 2 18 4 12 21 13 17 -6 24 15 -10 26 16 31 -7 -5 -8 19 22 23 40 -1 -21 -4 27 39 -23 -26 -25 -28 -15 33 37 -30 -12 -31 -20 -33 -2 -3 -13 -36 -42
right_child=3 5 9 6 8 10 7 -9 11 -11 35 41 -14 14 -16 -17 -18 -19 32 20 -22 25 -24 29 28 -27 30 -29 34 36 -32 38 -34 -35 42 -37 -38 -39 -40 -41 43 -43 -44 -45
leaf_value=-0.6694512315410388 -0.67614691107057379 -0.6022488881420679 -0.65127898393217587 -0.69254066638804512 -0.57035887108718442 -0.62806579841546772 -0.65304792087840069 -0.59421846476801754 -0.66649334951680295 -0.58063053042618917 -0.6267395103781821 -0.60429794250816427 -0.63266322176396583 -0.67563000136906992 -0.6482660457451801 -0.67439008413920298 -0.74618116856416417 -0.71106156329600056 -0.64549503915784268 -0.65615310541780147 -0.64779355133768224 -0.58206538539671282 -0.62798351766843863 -0.6700469247467874 -0.64118287255733764 -0.6310717939510373 -0.71176230706717269 -0.62160277417750032 -0.6366675876921416 -0.71183917624953863 -0.67495458042229961 -0.72417531651917733 -0.66360801561968974 -0.66210917479635645 -0.59555244665507856 -0.59232649146020444 -0.68005461147217672 -0.61561343311280581 -0.69360262857666999 -0.65216954158511387 -0.58493446578535035 -0.62573962017165208 -0.61511149106049756 -0.56363204497274255
leaf_weight=25.981445342302322 32.215358316898346 31.597622990608215 40.583590596914291 29.80778169631958 25.349465876817703 46.270988941192627 23.509770095348358 21.860485464334488 26.197726100683212 32.650538504123688 28.555448234081268 29.392082989215851 25.91022464632988 31.991955488920212 26.162115752696991 33.988336801528931 26.57781445980072 19.825875133275986 26.378396511077881 38.601453423500061 43.899022668600082 51.411872655153275 47.820564597845078 39.307272255420685 46.537124186754227 36.094167828559875 29.850514113903046 29.651096165180206 27.690325200557709 34.751132190227509 30.435257762670517 22.520953208208084 29.743683069944382 25.967201203107834 37.104350924491882 35.107969611883163 21.779524028301239 45.565170109272003 32.034687906503677 30.162000447511673 54.071340382099152 32.980772376060486 44.678680866956711 39.001023262739182
leaf_count=95 120 94 141 116 67 150 82 63 95 90 92 88 85 119 90 126 118 81 90 136 151 143 155 144 157 118 122 94 92 142 113 95 107 93 108 101 82 142 125 105 152 106 139 101
internal_value=-0.677079 -0.62809 -0.642023 -0.663768 -0.646506 -0.606238 -0.683155 -0.650257 -0.615676 -0.62009 -0.62906 -0.629693 -0.670399 -0.695923 -0.684318 -0.647409 -0.718588 -0.679757 -0.655377 -0.662387 -0.670853 -0.592909 -0.642285 -0.678544 -0.627099 -0.606099 -0.678664 -0.595675 -0.621013 -0.687685 -0.693448 -0.695421 -0.641754 -0.635318 -0.612842 -0.606745 -0.699858 -0.625986 -0.706844 -0.664343 -0.581179 -0.614647 -0.60536 -0.574897
internal_weight=0 994.789 609.039 496.785 262.493 385.75 234.291 65.1961 113.92 229.245 143.923 88.5706 148.573 169.095 112.71 80.2593 56.3856 43.3356 379.795 252.14 178.338 241.827 73.802 134.439 196.594 117.157 122.663 81.063 156.01 95.8379 60.2858 86.5476 127.654 97.9108 109.473 63.6634 56.5307 71.9436 54.5556 62.3774 124.67 62.3729 81.783 93.0724
internal_count=5025 3235 2064 1790 901 1171 889 226 356 727 469 289 545 663 429 276 234 163 1337 905 655 702 250 504 637 355 460 237 496 368 235 339 432 325 339 193 224 232 220 225 347 194 247 253
is_linear=0
shrinkage=1


Tree=1
num_leaves=46
num_cat=0
split_feature=27 9 15 11 11 12 10 11 16 29 15 5 12 17 12 9 9 23 13 15 15 15 10 23 13 24 19 16 9 12 12 15 21 30 30 30 12 11 21 29 21 30 9 19 29
split_gain=164.285 143.308 138.21 87.4301 53.7593 50.0777 43.7365 32.6226 31.0427 27.0345 21.6875 17.6777 15.9465 15.2953 12.6636 11.8972 10.9249 12.5219 10.3696 10.0154 8.1306 8.6974 12.7415 10.3272 9.54625 7.69266 10.659 7.38354 6.99782 6.44837 6.33982 6.04014 13.576 11.2598 14.3274 6.01952 5.81618 10.5801 4.22835 4.11039 4.10561 4.10348 3.07612 2.80482 1.04567
threshold=5.0000000000000009 52.562500000000007 38.500000000000007 7.4285750000000013 8.3125000000000018 166.87500000000003 20.187500000000004 10.687500000000002 66.500000000000014 0.45273815774107123 16.500000000000004 80.250000000000014 204.37500000000003 4.5000000000000009 129.37500000000003 72.187500000000014 69.187500000000014 6.5000000000000009 -10.020282521269584 8.5000000000000018 12.500000000000002 33.500000000000007 17.687500000000004 1.5000000000000002 -7.7754420655106946 75.500000000000014 54.500000000000007 5.5000000000000009 61.437500000000007 110.62500000000003 154.37500000000003 50.500000000000007 68.500000000000014 -0.8142754349318998 -0.54219087765047058 0.76556758748011056 80.625000000000028 10.812500000000002 31.500000000000004 -0.42957681104363482 3.5000000000000004 -0.83375966452616657 73.562500000000014 1.0000000180025095e-35 -0.14250824554987665
decision_type=2 2 2 2 2 2 2 2 2 2 2 2 2 2 2 2 2 2 2 2 2 2 2 2 2 2 2 2 2 2 2 2 2 2 2 2 2 2 2 2 2 2 2 2 2
left_child=2 4 6 5 27 11 12 28 31 36 -7 -3 16 15 43 -10 17 18 -1 38 -21 22 23 24 -22 26 -24 -2 -8 -25 -30 32 -4 -33 -35 -13 37 -5 -18 -17 -38 -34 -23 -11 -42
right_child=1 3 8 9 -6 10 7 -9 13 14 -12 35 -14 -15 -16 39 19 -19 -20 20 21 42 25 29 -26 -27 -28 -29 30 -31 -32 33 41 34 -36 -37 40 -39 -40 -41 44 -43 -44 -45 -46
leaf_value=0.037719996236035891 -0.043074667289753774 0.025528615392139381 0.018567345368049513 0.056336771104497509 0.044539725463042384 -0.024320193028716269 -0.063579592178817507 0.0124108229432046 0.025286037442299548 0.052829791052776909 0.038407544072891792 0.076980403687738785 -0.028701113529691086 0.098146126727238214 0.036658758590561898 0.052467316596772465 0.0049354493381740588 0.060357213514693767 -0.003197855940850541 0.039219610113327731 0.027017068317717736 0.015554361954432466 0.034483783540553453 -0.042345333814895948 -0.010728272759167816 0.045491185301629863 -0.011391023062710844 -0.0078463919704735395 -0.014026387359072669 -0.0028841530601082851 -0.049817202357883797 0.0018550593399811297 0.0699914612908272 0.065304502290689778 0.014854658740577953 0.047766061441330047 0.11305028466887719 0.098040564307779507 -0.024230374276036068 0.083030421258572129 0.095857958242821339 0.040601121648817046 0.040356723825975493 0.077146576621385771 0.076934258640485365
leaf_weight=30.81008605659008 38.03268301486969 43.138604044914246 38.156858026981354 44.51772503554821 38.803819969296455 38.688861042261124 24.39091531932354 43.531782403588295 25.846318498253822 28.304675027728081 20.111590534448624 52.01489295065403 21.485157668590546 30.179648354649544 45.868066236376762 34.626114293932915 23.040440931916237 24.07935905456543 29.887197777628899 27.862531676888466 30.43344147503376 26.544123589992523 22.906539931893349 22.232062086462975 35.017052128911018 22.303189307451248 26.145152434706688 24.884081095457077 29.231792017817497 18.955703899264336 22.008402928709984 35.125020369887352 32.447902739048004 25.164843618869781 32.151663184165955 38.292923077940941 40.188820838928223 29.670399338006973 25.274831965565681 27.177107855677605 60.681296616792679 28.245335564017296 26.645452901721001 63.215816423296928 52.51411759853363
leaf_count=102 159 147 133 136 126 153 109 157 88 87 65 150 86 78 152 108 84 74 112 92 105 93 77 93 134 72 100 95 114 71 95 128 96 75 113 121 99 77 100 76 160 92 87 180 150
internal_value=0 0.0534854 0.0201254 0.0634317 -0.0010861 0.0358628 0.00466933 -0.021903 0.0466638 0.0778162 -0.00258186 0.0526959 0.0123591 0.0668839 0.0594003 0.055134 0.014676 0.0304841 0.0178469 0.0102311 0.014124 0.0109435 0.00556882 -0.00537435 0.00696517 0.0217714 0.0102929 -0.0294824 -0.0415575 -0.0246831 -0.0300584 0.0339258 0.0426189 0.0242735 0.0377447 0.0652515 0.0886257 0.0740977 -0.0105038 0.0670151 0.0951271 0.0571936 0.0284946 0.0702784 0.0878294
internal_weight=0 658.928 841.906 557.208 101.721 192.247 532.785 119.163 309.121 364.961 58.8005 133.446 413.622 117.829 137.389 87.6495 392.137 84.7766 60.6973 307.361 259.045 231.183 177.993 106.638 65.4505 71.3549 49.0517 62.9168 75.6311 41.1878 51.2402 191.292 98.8501 92.4415 57.3165 90.3078 227.572 74.1881 48.3153 61.8032 153.384 60.6932 53.1896 91.5205 113.195
internal_count=5001 2057 2944 1677 380 636 1957 475 987 1041 218 418 1482 350 419 272 1396 288 214 1108 924 832 652 403 239 249 177 254 318 164 209 637 321 316 188 271 622 213 184 184 409 188 180 267 310
is_linear=0
shrinkage=0.05


Tree=2
num_leaves=50
num_cat=0
split_feature=27 13 15 16 12 4 1 23 17 10 11 21 14 12 11 15 14 23 23 21 11 19 11 20 14 22 22 13 15 11 21 19 19 23 12 29 23 10 21 29 4 14 23 31 23 13 14 12 23
split_gain=129.419 134.379 108.173 102.225 42.2038 35.9492 29.2599 24.7165 23.8961 19.9016 18.7367 17.1958 14.9353 14.5896 13.8838 13.3831 13.27 18.1052 13.1734 10.7259 10.3759 10.0136 11.2921 9.37819 8.38859 8.27552 8.01849 7.80513 6.57585 6.09269 6.04022 14.2572 5.81572 8.43323 5.68679 5.21957 5.00037 4.91053 4.47587 4.22271 3.96884 3.57571 3.17038 3.12094 2.82475 2.05517 1.8733 1.61807 1.41091
threshold=5.0000000000000009 -5.3901451346573239 38.500000000000007 12.500000000000002 175.62500000000003 73.750000000000014 78.500000000000014 7.5000000000000009 4.5000000000000009 20.187500000000004 9.0312500000000018 59.500000000000007 -1.8536126385542711 166.87500000000003 10.687500000000002 7.5000000000000009 2.3115212470292987 1.5000000000000002 5.5000000000000009 49.500000000000007 5.9375000000000009 22.500000000000004 6.8125000000000009 2.5000000000000004 5.7517298899607292 4.5000000000000009 6.5000000000000009 -2.7696875860945105 52.500000000000007 10.312500000000002 98.500000000000014 77.500000000000014 63.500000000000007 1.5000000000000002 94.375000000000014 -0.14250824554987665 5.5000000000000009 15.812500000000002 7.5000000000000009 0.29342972903661901 90.250000000000014 5.8518123679684324 1.5000000000000002 2.5000000000000004 6.5000000000000009 -8.7432939291315304 0.7922904976245625 243.12500000000003 1.5000000000000002
decision_type=2 2 2 2 2 2 2 2 2 2 2 2 2 2 2 2 2 2 2 2 2 2 2 2 2 2 2 2 2 2 2 2 2 2 2 2 2 2 2 2 2 2 2 2 2 2 2 2 2
left_child=2 5 4 6 9 -2 20 21 11 12 23 28 29 -8 36 -6 17 19 32 -14 -3 22 -5 39 27 -19 -20 30 -4 -1 37 -32 33 40 -21 -12 -11 -13 46 42 -18 -17 -7 -22 -39 -27 -37 -24 -29
right_child=1 3 8 7 15 10 13 -9 -10 14 35 24 16 -15 -16 41 18 25 26 34 43 -23 47 -25 -26 45 -28 48 -30 -31 31 -33 -34 -35 -36 38 -38 44 -40 -41 -42 -43 -44 -45 -46 -47 -48 -49 -50
leaf_value=0.016683773872935025 0.015336989534964002 -0.052646241984195478 -0.0040323534281541144 0.026085374818560228 -0.061968298568877589 0.058084440652722703 0.034993440400002671 0.016528558136816498 0.078500951268309888 -0.040202553218436757 0.093224885884023709 0.066588157313643703 0.039685743917374332 -0.010663174976868929 0.010940344038201519 -0.027076065376956004 0.024009865254361301 -0.043450808535654632 0.056399111744506049 0.017974246869900661 -0.027215564021062275 0.089704960377184367 0.052541882573737986 0.031427832124345564 0.065041639001980442 -0.016049062474932652 0.019508847489791786 0.011791326200532123 0.030106948158987054 0.050172266284325556 0.055079814628651969 0.0018216623859961972 0.030277557554381579 -0.017181228236258724 -0.016116255729993537 0.094394550591566553 -0.0081872054014952619 0.027205263943404879 0.058437616971204046 0.046466749605875046 -0.002093715880720833 0.0012780917347971596 0.08439107633756221 -0.00070203255986232361 0.052527785860685794 0.0056167591488460594 0.069709053288453005 0.076677676595332381 0.029078432253710693
leaf_weight=23.093143001198769 30.599840506911278 28.980790168046951 31.168114304542542 28.306269466876984 22.928794130682945 38.253275975584984 39.14131486415863 39.550759166479111 38.528334647417068 30.339175492525101 87.272821396589279 37.017007544636726 28.471424609422684 30.362606897950172 41.784397482872009 25.215315967798233 39.098294481635094 22.610131621360779 30.68257999420166 23.792141258716583 21.211870595812798 28.017123743891716 26.690374478697777 30.989386171102524 35.981157854199409 23.262275457382202 30.549392148852348 26.224570915102959 24.460365831851959 37.664200559258461 24.767456501722336 24.665678292512894 26.461558431386948 30.438291803002357 23.153694555163383 33.917765289545059 20.986105367541313 26.079836219549179 46.856804147362709 32.719370305538177 22.628646954894066 19.158522889018059 34.951601520180702 22.293512210249901 26.072072118520737 19.221904128789902 39.047673404216766 28.714840322732925 24.587056547403336
leaf_count=81 106 125 115 95 104 112 128 136 103 129 221 108 93 116 150 102 135 94 95 83 86 73 81 100 105 90 106 91 81 119 75 88 89 118 89 86 82 87 138 101 84 71 93 83 80 70 109 80 81
internal_value=0 0.0480304 0.0186764 0.0225714 0.00503991 0.0678484 -0.00789551 0.0510316 0.0416983 0.0103132 0.0724613 0.0363921 0.0153694 0.0151801 -0.0103267 -0.0317245 0.010988 -0.000535194 0.0199435 0.0160428 -0.0299272 0.0629903 0.0530959 0.0571821 0.0425213 -0.0196944 0.0386033 0.0379243 0.0112456 0.0379199 0.0440986 0.0290686 0.0100697 0.00400508 0.00117535 0.0822393 -0.0275186 0.0520161 0.0735326 0.0643524 0.0145597 -0.0150757 0.0716125 -0.0139503 0.0406147 -0.00634266 0.0823051 0.0661884 0.0205561
internal_weight=0 667.878 861.092 293.269 541.54 374.609 141.99 151.279 319.552 474.237 344.009 281.023 381.128 69.5039 93.1097 67.3026 320.37 140.512 179.859 75.4173 72.4862 111.729 83.7115 136.914 225.395 65.0943 61.232 189.414 55.6285 60.7573 138.602 49.4331 118.627 92.1652 46.9458 207.095 51.3253 89.1689 119.822 105.924 61.7269 44.3738 73.2049 43.5054 52.1519 42.4842 72.9654 55.4052 50.8116
internal_count=5067 2069 2998 1003 1984 1066 538 465 1014 1707 960 911 1346 244 361 277 1146 519 627 265 294 329 256 406 715 254 201 610 196 200 438 163 426 337 172 554 211 275 333 306 219 173 205 169 167 160 195 161 172
is_linear=0
shrinkage=0.05


Tree=3
num_leaves=49
num_cat=0
split_feature=27 13 15 16 10 12 16 11 15 5 14 11 17 11 29 30 22 12 15 30 13 11 11 11 13 0 10 13 13 13 30 11 22 20 13 19 29 10 15 13 11 15 12 1 29 11 30 12
split_gain=110.699 128.175 84.7877 82.8309 54.1983 37.3064 32.2364 28.4869 30.9552 25.1479 14.0313 13.0778 12.4505 11.3733 12.8876 11.0642 11.0473 10.8136 10.5449 10.538 9.72667 9.67729 9.34304 9.16042 8.41084 13.721 7.45491 7.41164 7.35303 11.8632 12.0586 7.32837 7.22323 7.21553 6.35875 6.13172 4.59086 5.19949 4.95856 4.09666 5.28087 3.14974 2.84962 2.7066 1.958 1.70157 1.6098 1.57907
threshold=5.0000000000000009 -6.7063845801458566 33.500000000000007 31.500000000000004 21.812500000000004 193.12500000000003 66.500000000000014 10.687500000000002 6.5000000000000009 75.750000000000014 -1.9540648477653708 6.9375000000000009 4.5000000000000009 6.0625000000000009 0.30983042691905771 -0.71502926860092908 2.5000000000000004 170.62500000000003 60.500000000000007 -0.6523320455745395 -6.3229484174273418 7.6875000000000009 7.8125000000000009 7.3125000000000009 -11.887560929122422 85.500000000000014 17.687500000000004 -7.1487933559166601 -4.0882210810840842 -5.7334214210250716 -0.29342786347392819 6.2916750000000006 3.5000000000000004 1.5000000000000002 -8.3440769577826757 31.500000000000004 0.42179998225932674 19.562500000000004 3.5000000000000004 -3.2630013307399786 6.2916750000000006 49.500000000000007 105.62500000000001 88.500000000000014 0.79904096188274243 13.937500000000002 -0.8142754349318998 83.125000000000014
decision_type=2 2 2 2 2 2 2 2 2 2 2 2 2 2 2 2 2 2 2 2 2 2 2 2 2 2 2 2 2 2 2 2 2 2 2 2 2 2 2 2 2 2 2 2 2 2 2 2
left_child=2 9 7 4 5 10 17 8 20 -2 -3 15 21 -12 -15 31 -17 28 23 -19 34 -8 39 -5 32 -26 35 -28 29 30 33 -10 45 -4 -1 -13 38 -38 -11 -6 -41 -31 -37 -27 -22 -9 -30 -40
right_child=1 3 6 18 22 -7 12 24 11 36 13 26 -14 14 -16 16 -18 19 -20 -21 44 -23 -24 -25 25 43 27 -29 46 41 -32 -33 -34 -35 -36 42 37 -39 47 40 -42 -43 -44 -45 -46 -47 -48 -49
leaf_value=-0.032059262123993119 0.030140866492050597 0.001893942423773392 0.0064207877292408776 0.029477322252209733 -0.014646220485777423 -0.016845007011184476 0.059234214526681872 -0.013225068133562596 0.014777900975057955 0.089132191242278169 0.023020106176997939 0.0051339902208010603 0.083458011262640533 0.076767640456118419 0.033549057094039256 0.02228535703764252 -0.023549691624082301 0.023077047952859926 0.087427393832428604 -0.023159445505411297 -0.035777699349286846 0.024677966486587443 0.0017680804895263585 0.064943463358414652 0.055846877771075436 0.0020559075568811567 0.020358302857124089 -0.010547594507692182 0.055571256259810797 -0.0099779242960991704 0.06152088597586574 0.053315529675869944 0.030537043214252681 0.036790503760419098 0.004591936737561678 -0.014427850658419642 0.052575486724465048 0.079739135236336509 0.054187780018934199 -0.060731381826008804 -0.022473530819723874 0.015596139086983702 -0.039264319584967913 0.025792938924940265 -0.062570664114430088 0.0059693678720288187 0.034425412901418699 0.07547332594954452
leaf_weight=23.65074260532856 39.231115996837616 23.061649024486542 37.104577586054802 34.015318423509598 21.282597690820694 39.952886193990707 53.505449429154396 21.903514355421066 25.769355177879333 90.638021156191826 41.784228548407555 21.604953661561012 31.961478561162949 37.846253514289856 35.932789981365204 27.847564369440079 23.156472936272621 28.028763368725777 29.3091681599617 20.43105648458004 21.833475947380066 35.88041926920414 27.509856536984444 46.822830647230148 34.408552199602127 23.56478451192379 39.356529235839844 36.472235277295113 26.749895334243774 23.315091386437416 27.071343377232552 24.706660389900208 22.683119684457779 41.590426161885262 22.337818279862404 26.139042630791664 60.756853938102722 35.643644258379936 29.788523331284523 19.632000356912613 19.331124871969223 22.892747521400452 22.760406240820885 23.894879773259163 16.952600046992302 22.424612179398537 25.85923632979393 47.309477120637894
leaf_count=97 126 81 130 109 83 154 156 83 91 226 141 78 80 103 117 97 92 94 75 79 93 118 100 131 106 85 136 140 80 86 80 78 76 133 84 102 177 94 84 88 78 78 94 82 79 80 83 123
internal_value=0 0.0443968 0.0173464 0.0248059 0.00963569 0.025403 0.0351594 0.00345086 -0.00469228 0.0685479 0.0376127 0.00425246 0.056312 0.0446632 0.0564489 0.0179563 0.00142298 0.0248339 0.0610702 0.00350925 -0.0305843 0.0457895 -0.0223746 0.0505625 0.0215521 0.0322207 -0.00530832 0.00554933 0.0298435 0.0239817 0.033143 0.0343103 0.00823602 0.0227315 -0.014538 -0.0169002 0.0741172 0.0633347 0.0799019 -0.0332477 -0.0427875 0.00275421 -0.0265433 0.0142926 -0.0487667 -0.00359755 0.0460134 0.0680483
internal_weight=0 679.848 855.858 376.481 266.333 178.578 374.39 481.467 332.588 303.368 138.625 247.813 121.347 115.563 73.779 101.48 51.004 253.043 110.147 48.4598 84.7746 89.3859 87.7556 80.8381 148.879 81.8682 146.333 75.8288 204.583 151.974 105.766 50.476 67.0112 78.695 45.9886 70.5044 264.137 96.4005 167.736 60.2457 38.9631 46.2078 48.8994 47.4597 38.7861 44.3281 52.6091 77.098
internal_count=5060 2090 2970 1260 945 596 1197 1773 1261 830 442 908 354 361 220 358 189 843 315 173 353 274 349 240 512 273 550 276 670 507 343 169 239 263 181 274 704 271 433 249 166 164 196 167 172 163 163 207
is_linear=0
shrinkage=0.05


Tree=4
num_leaves=45
num_cat=0
split_feature=30 15 13 9 16 12 27 9 11 29 29 16 13 11 24 15 9 19 30 10 24 29 13 30 12 5 13 16 11 16 25 9 21 15 29 29 29 29 13 10 20 21 21 13
split_gain=104.349 99.0327 91.8637 50.7602 45.2735 43.4693 21.2429 21.969 18.2441 19.6094 18.6392 16.8672 14.3343 25.0198 17.5194 12.0059 10.0228 22.0339 9.65706 9.40751 12.1128 9.27514 8.64184 7.55215 6.88439 6.66444 6.54774 6.42357 6.33448 6.10322 5.67636 5.10887 5.10137 4.99514 12.6672 6.68618 4.93446 4.64815 4.51713 4.49557 6.83119 4.14047 3.56076 2.85511
threshold=0.36447543099728863 38.500000000000007 -7.4557427454648915 56.312500000000007 12.500000000000002 203.12500000000003 5.0000000000000009 60.687500000000007 5.8125000000000009 0.58481550752069722 -0.43733984355855576 66.500000000000014 -9.6284429417256074 6.8125000000000009 43.500000000000007 31.500000000000004 72.406250000000014 12.500000000000002 -0.62587551141915865 15.812500000000002 9.5000000000000018 -0.94705910369513524 1.3344865497086509 -0.53495380374625956 105.62500000000001 70.250000000000014 -2.5177889412326984 45.500000000000007 7.3125000000000009 16.500000000000004 6.5000000000000009 72.187500000000014 79.500000000000014 53.500000000000007 -0.59176244063315286 -0.65234524191686594 -0.30163705152652742 0.95752911693909493 -7.3471310580566174 17.562500000000004 1.5000000000000002 18.500000000000004 14.500000000000002 -10.102508635619687
decision_type=2 2 2 2 2 2 2 2 2 2 2 2 2 2 2 2 2 2 2 2 2 2 2 2 2 2 2 2 2 2 2 2 2 2 2 2 2 2 2 2 2 2 2 2
left_child=1 5 39 4 25 6 7 -1 10 19 -5 22 14 18 30 16 17 -15 32 41 -21 -20 27 -16 -8 -4 -11 -3 -27 -19 -9 -13 -14 35 -35 -29 -33 -7 -18 42 -41 -10 -2 -44
right_child=2 11 3 8 -6 37 24 12 9 26 -12 31 13 15 23 -17 38 29 21 20 -22 -23 -24 -25 -26 28 -28 33 -30 -31 -32 36 -34 34 -36 -37 -38 -39 -40 40 -42 -43 43 -45
leaf_value=-0.035322755654727936 0.08254325731235658 0.017699948496535493 -0.03892590147671169 0.048265293628747291 0.051262815463527012 -0.050080008299965541 0.05613909883950733 0.024768138841136336 0.051818492064497068 0.035855379840364902 -0.0070528653819460947 0.036411075163913446 0.041731178185562857 -0.033940696086938053 -0.0097843313498962303 0.021237244841245048 -0.017156874219651081 0.031879948391253007 0.022840245002850382 0.058355821552793591 0.020302032860379075 -0.021398691097526033 0.006154114236888426 0.023546130978838287 0.019751499080120725 -0.02144480617062125 -5.5877779054502272e-05 0.030498170747298665 0.013076204396163599 0.0015658850374891337 0.053948707371973187 0.050746792893006702 0.013250495116624253 0.050144546794264458 0.0042322224041170661 0.061797458893664697 0.078892524835390693 -0.016812820961623367 -0.045132813771674461 0.042341285684055097 0.072458229548033493 0.077529433550060353 0.074321535605464104 0.048296624512854033
leaf_weight=28.606796517968178 87.610615223646164 42.594421789050102 26.377460673451424 25.07009693980217 31.14112614095211 31.718633428215981 28.019286185503006 37.134643450379372 39.284415811300278 26.003716439008713 36.095646664500237 33.17124505341053 48.50095896422863 36.97169092297554 40.014201864600182 29.697867512702942 39.12056328356266 26.209851801395416 25.548054859042168 50.460575371980667 37.865544781088829 20.414058640599251 30.222970947623253 28.064229339361191 26.552250593900681 34.142884194850922 23.945929974317551 32.941337078809738 20.522962331771851 42.880819976329803 34.806739330291748 54.367642000317574 24.887693703174591 31.440160781145096 28.355236724019051 44.784455686807632 31.14380855858326 17.539667189121246 24.1009731143713 44.435460537672043 43.501168385148048 49.136645644903183 33.056036740541458 30.190898299217224
leaf_count=120 217 143 112 76 93 140 79 124 113 81 132 102 156 153 151 101 153 89 88 145 124 81 106 95 88 139 86 106 72 157 107 157 87 94 99 129 80 71 101 131 113 127 85 86
internal_value=0 0.0179631 0.044292 0.0295224 0.000969732 0.00569722 0.00980923 0.00645237 0.0406079 0.0471392 0.0160321 0.0399037 0.00913087 0.00324108 0.0224033 -0.00761023 -0.012766 -0.00329364 0.0212453 0.0549467 0.042452 0.00315427 0.0311312 0.00409757 0.0391084 -0.0187448 0.0189763 0.0352651 -0.00848265 0.0133564 0.0394324 0.055061 0.0323807 0.0405385 0.0288005 0.0490883 0.0617911 -0.0388046 -0.0283584 0.068809 0.057887 0.0668136 0.0747524 0.0628437
internal_weight=0 919.81 638.841 400.047 112.184 590.789 541.531 486.959 287.863 226.697 61.1657 329.021 458.352 318.333 140.02 198.982 169.284 106.062 119.351 176.747 88.3261 45.9621 210.339 68.0784 54.5715 81.0433 49.9496 180.116 54.6658 69.0907 71.9414 118.683 73.3887 137.521 59.7954 77.7258 85.5115 49.2583 63.2215 238.794 87.9366 88.4211 150.858 63.2469
internal_count=5089 3157 1932 1300 416 2141 1930 1763 884 676 208 1016 1643 1166 477 754 653 399 412 509 269 169 677 246 167 323 167 571 211 246 231 339 243 428 193 235 237 211 254 632 244 240 388 171
is_linear=0
shrinkage=0.05


Tree=5
num_leaves=47
num_cat=0
split_feature=27 9 15 13 16 16 13 9 9 12 17 30 13 21 13 12 16 12 21 17 13 13 13 20 10 9 24 16 15 14 21 23 10 10 10 20 22 13 22 13 10 16 30 21 15 10
split_gain=116.721 94.1333 79.8777 51.8759 40.1854 32.1034 32.8931 28.049 21.9957 20.1176 17.2219 16.8392 16.1733 13.7473 17.5943 14.1171 10.9406 10.5237 10.374 10.3201 11.4252 7.99944 7.51579 7.2236 6.96256 5.94287 7.2854 6.45511 7.52945 5.7858 5.445 6.90365 5.63044 5.02031 4.5548 4.39263 7.49942 4.39171 4.36524 5.54341 4.82325 3.6905 3.16642 2.92662 1.52136 1.13136
threshold=5.0000000000000009 52.562500000000007 38.500000000000007 -5.3901451346573239 13.500000000000002 29.500000000000004 1.1814417534934838 60.812500000000007 62.312500000000007 175.62500000000003 4.5000000000000009 0.29958852271690523 -4.4065756392730444 84.500000000000014 -12.961387950041024 114.06250000000003 21.500000000000004 301.87500000000006 60.500000000000007 1.5000000000000002 3.1255553204660949 -5.2904464887756655 -3.4261649908808187 2.5000000000000004 19.312500000000004 72.687500000000014 72.500000000000014 63.500000000000007 49.500000000000007 1.7261405332571622 39.500000000000007 6.5000000000000009 16.187500000000004 16.062500000000004 17.187500000000004 1.5000000000000002 1.5000000000000002 -7.0596315634551958 5.5000000000000009 -9.0662315000572331 17.312500000000004 33.500000000000007 0.60383265664488517 5.5000000000000009 11.500000000000002 17.812500000000004
decision_type=2 2 2 2 2 2 2 2 2 2 2 2 2 2 2 2 2 2 2 2 2 2 2 2 2 2 2 2 2 2 2 2 2 2 2 2 2 2 2 2 2 2 2 2 2 2
left_child=2 4 7 30 12 6 8 37 -5 11 18 13 -2 14 -9 23 -17 -14 33 20 -7 35 -10 38 -11 34 -27 28 -28 -25 31 42 -32 -4 -20 36 -15 -1 39 -16 -41 -18 -3 -44 45 -33
right_child=1 3 10 5 -6 19 -8 9 22 24 -12 -13 17 21 15 16 41 -19 25 -21 -22 -23 -24 29 -26 26 27 -29 -30 -31 32 44 -34 -35 -36 -37 -38 -39 -40 40 -42 -43 43 -45 -46 -47
leaf_value=-0.021683864823727507 0.0088297918174649725 0.086995124759899692 0.021795485474364357 -0.0023210547548543964 0.053017086209973086 0.018367081110277048 -0.023543792915595722 0.052120153047244294 0.065864013142138009 -0.0076106585773443773 0.064936169216792017 0.047278403236335087 -0.054556480205863594 -0.025485219557089975 0.011347356512923349 0.0027332129047254131 0.050529758724071207 -0.0070973886032606034 0.032805825962453704 0.077846178773426256 0.060979054103013998 -0.033235220866937552 0.028404289329142192 0.025071091660734263 -0.043500717803760108 0.055407747870055236 0.03597145818438393 0.044382990528974792 -0.0019075434382747885 -0.0066113531824253729 0.060785874501645555 0.05498278565624512 0.03534193964719963 -0.0078251443993232975 0.0059631592764797054 0.013714834683289609 0.0098769685736925135 -0.055756727035722653 -0.026499998003766036 -0.030440520073634347 0.0018490941984186467 0.024897811941165655 0.072389487404654493 0.050729847502534224 0.065026376494308188 0.038543720098923893
leaf_weight=24.573053285479546 31.813967287540436 40.997620075941086 36.483952060341835 32.703164264559746 24.520648568868637 32.095079004764557 39.643635526299477 24.469275996088982 30.349709257483482 33.715494096279144 39.060890451073647 26.327734440565109 29.989450350403786 31.316601917147636 37.464773863554001 42.279462710022926 25.024855196475983 19.286300927400589 35.897155970335007 28.450590834021568 32.363383084535599 23.710498958826065 27.95117013156414 37.369682803750038 22.167530626058578 51.429299101233482 27.528242826461792 49.309502899646759 24.111088424921036 22.520866513252258 55.380279526114464 41.944411903619766 45.65192848443985 22.46193665266037 28.576856940984726 31.431209146976471 27.199503540992737 17.063878819346428 24.245401084423065 22.192406684160233 22.85359999537468 39.999656409025192 81.385561630129814 34.715223729610443 34.227580845355988 33.075935125350952
leaf_count=99 113 98 119 119 71 103 156 74 84 130 101 82 135 123 131 155 78 76 111 71 89 96 90 127 99 148 85 145 85 84 148 113 135 82 98 111 97 81 96 89 85 134 207 95 90 96
internal_value=0 0.0416684 0.0140507 0.0494268 -0.00179986 0.0302238 0.014068 0.00229155 0.0305305 0.00563732 0.0339955 0.00924911 -0.0188198 0.00671084 0.012336 0.00860582 0.0226596 -0.0364918 0.0293946 0.0525502 0.0403665 -0.00803731 0.0486865 -0.00052459 -0.0223619 0.0344407 0.0398765 0.031498 0.018585 0.0132445 0.0609984 0.0650639 0.049748 0.010566 0.0211811 -0.00110263 -0.00915836 -0.036628 -0.00830032 -0.00269915 -0.0143743 0.0353782 0.0722921 0.0664016 0.0541084 0.0483373
internal_weight=0 696.546 850.784 590.935 105.61 223.557 130.648 535.925 91.004 494.289 314.859 438.406 81.0897 412.078 298.42 273.951 107.304 49.2758 275.798 92.9091 64.4585 113.658 58.3009 166.647 55.883 216.852 152.378 100.949 51.6393 59.8905 367.379 266.346 101.032 58.9459 64.474 89.9473 58.5161 41.6369 106.756 82.5108 45.046 65.0245 157.098 116.101 109.248 75.0203
internal_count=5034 2089 2945 1694 395 712 449 1971 293 1791 974 1562 324 1480 1053 979 367 211 873 263 192 427 174 612 229 672 463 315 170 211 982 699 283 201 209 331 220 180 401 305 174 212 400 302 299 209
is_linear=0
shrinkage=0.05


Tree=6
num_leaves=44
num_cat=0
split_feature=10 30 15 11 11 13 13 18 28 13 21 15 29 11 11 19 3 30 16 11 9 24 23 13 16 29 29 29 9 3 31 10 15 29 15 16 3 30 23 15 29 15 24
split_gain=80.5725 102.133 66.0134 60.7379 33.0172 23.9617 18.9023 16.925 15.4532 13.4742 12.0602 11.9395 9.94946 9.90866 15.835 11.7406 15.1344 11.2556 10.5686 9.77235 10.5609 9.41885 9.28973 9.07316 16.3997 12.2688 7.92393 7.48116 7.40424 7.29052 7.17829 5.30467 5.19528 4.8368 4.38096 4.30287 3.84175 7.22778 3.57906 3.139 2.49172 2.74618 2.13762
threshold=23.562500000000004 0.28313308994381592 38.500000000000007 7.3125000000000009 7.5625000000000009 -0.38568272354722416 -0.97078855463663349 4.5000000000000009 5.0000000000000009 -6.6018932263798007 61.500000000000007 13.500000000000002 0.98522604642031408 11.312500000000002 6.8125000000000009 12.500000000000002 89.500000000000014 -0.71502926860092908 31.500000000000004 5.0312500000000009 65.312500000000014 30.500000000000004 4.5000000000000009 -8.4835411108833494 31.500000000000004 -0.27694604220087021 -0.35846811432664222 0.21022171450811275 65.562500000000014 80.500000000000014 10.500000000000002 16.062500000000004 11.500000000000002 -0.31799228562170639 9.5000000000000018 39.500000000000007 89.500000000000014 -0.75013812021657655 4.5000000000000009 20.500000000000004 0.75580964594513067 14.500000000000002 2.5000000000000004
decision_type=2 2 2 2 2 2 2 2 2 2 2 2 2 2 2 2 2 2 2 2 2 2 2 2 2 2 2 2 2 2 2 2 2 2 2 2 2 2 2 2 2 2 2
left_child=1 2 5 6 42 8 19 10 12 -6 31 -8 13 14 17 -16 22 38 32 -3 30 -15 39 40 25 -25 -23 33 -26 -27 -21 -4 -18 36 -22 -7 -12 -38 -1 -17 41 -5 -2
right_child=4 3 7 23 9 35 11 -9 -10 -11 27 -13 -14 21 15 16 18 -19 -20 20 34 26 -24 24 28 29 -28 -29 -30 -31 -32 -33 -34 -35 -36 -37 37 -39 -40 -41 -42 -43 -44
leaf_value=0.023196236050070627 -0.034754537444205133 0.0043039373523928344 0.023849615799398385 0.069934373892643426 0.037379666473964325 -0.036279702558962602 -0.01822106911170639 0.061376307331392099 0.044287508604554333 -0.0091116584852882626 0.023637459941415129 0.026931645582996017 -0.020123337597391391 0.040598706975971018 -0.033233992888191663 -0.0088723461106112698 -0.016856621339856381 7.7310223520352648e-05 -0.033525916083422556 0.004710245900254483 0.067332484447570604 0.029626570329954693 0.040843453049981049 0.054489496234213265 0.081968704701489592 0.03733518196585791 -0.0074741208542552472 0.054113270691312478 0.048508118802576251 0.0071361583765889719 0.040642821576630628 -0.0059389689984404737 0.011400690668277702 0.015966970915742038 0.03759530607234713 -0.0060726286888344964 0.063584949142740863 0.029986380017491376 0.04915794760622786 0.01648191827146521 0.046951019814664534 0.049307396478565031 -0.059327438206267763
leaf_weight=34.822671681642532 29.783026546239853 26.942693397402763 29.890654131770134 132.39574380218983 24.198791697621346 33.266218841075897 38.740840211510658 51.279388308525085 29.370070159435272 40.085642769932747 47.972107663750648 22.183350414037704 29.736383303999901 42.4790378510952 26.950567111372948 22.000152036547661 25.389883816242218 38.465411826968193 33.425487726926804 30.085036590695381 28.051601991057396 25.308320015668869 27.878446668386459 56.466911554336548 39.175153866410255 43.682652950286865 31.082632884383202 43.297076269984245 40.260955914855003 37.200362473726273 25.321514219045639 28.330095633864403 41.404905006289482 46.101800262928009 31.942493990063667 18.682370766997337 26.678971707820892 47.381036326289177 24.887198522686958 25.170271694660187 31.910466909408569 31.899023473262787 19.191975370049477
leaf_count=117 130 94 96 331 78 144 155 135 84 156 151 69 115 133 112 83 99 141 136 104 74 83 89 156 95 131 115 122 111 124 76 102 148 150 94 72 74 148 75 88 88 87 89
internal_value=0 0.0288024 0.017334 0.0442187 -0.0148804 0.0061361 0.0216936 0.0350656 0.00979643 0.00869371 0.0298538 -0.00161092 0.00733762 0.00942802 0.00487359 -0.00313792 0.00165214 0.0212408 -0.011021 0.0316099 0.0378932 0.0230783 0.0184982 0.055226 0.0476007 0.036662 0.0094028 0.0353877 0.0658236 0.0237026 0.0215613 0.00949903 0.000569379 0.0302742 0.0523756 -0.0257361 0.0355055 0.0427756 0.0346486 0.00471806 0.0633669 0.066252 -0.0453784
internal_weight=0 1447.51 831.251 616.259 113.259 510.32 203.268 320.931 458.371 64.2844 269.652 60.9242 429.001 399.265 300.395 202.22 175.269 98.1753 100.22 142.343 115.401 98.87 75.0489 412.991 216.786 137.35 56.391 211.431 79.4361 80.883 55.4066 58.2207 66.7948 168.134 59.9941 51.9486 122.032 74.06 59.7099 47.1704 196.205 164.295 48.975
internal_count=5054 4601 2812 1789 453 1834 666 978 1618 234 843 224 1534 1419 1088 755 643 333 383 442 348 331 260 1123 617 411 198 645 206 255 180 198 247 523 168 216 373 222 192 171 506 418 219
is_linear=0
shrinkage=0.05


Tree=7
num_leaves=47
num_cat=0
split_feature=10 27 17 13 29 16 13 12 12 19 12 12 13 9 23 16 22 21 9 4 21 21 30 22 14 9 14 13 29 22 23 13 29 23 22 29 29 10 10 22 13 30 12 29 21 30
split_gain=75.1416 88.9556 48.4945 42.6287 26.7623 29.7549 18.2303 17.9856 20.8538 16.6661 16.4529 16.4212 14.533 14.3782 13.8563 12.3178 10.6258 10.3185 12.378 10.2315 9.15381 11.2943 7.49367 11.7731 9.29005 7.11485 7.42488 6.90594 6.7998 8.78856 6.37496 8.70952 11.6231 6.49926 11.9503 5.60992 5.28755 5.25473 5.27938 5.22981 7.24573 4.94305 4.87436 4.18546 2.69513 2.35579
threshold=24.062500000000004 5.0000000000000009 1.0000000180025095e-35 -8.5234945966201909 -0.26037633224328088 25.500000000000004 -6.1189476921038404 193.12500000000003 75.625000000000014 53.500000000000007 305.62500000000006 204.37500000000003 -5.7334214210250716 60.312500000000007 6.5000000000000009 83.500000000000014 2.5000000000000004 8.5000000000000018 68.812500000000014 92.250000000000014 13.500000000000002 64.500000000000014 -0.88620506325989179 7.5000000000000009 3.5790756280515548 61.437500000000007 4.5534336356370053 -5.4376335405972815 0.19337368024598436 1.0000000180025095e-35 11.500000000000002 -5.0678541238435271 -0.814291907305839 3.5000000000000004 1.0000000180025095e-35 0.69056404122701587 0.77788564761185042 17.687500000000004 18.812500000000004 3.5000000000000004 -7.679974625148362 -0.87810534180523914 104.37500000000003 0.34235194516023087 3.5000000000000004 0.70747208174348741
decision_type=2 2 2 2 2 2 2 2 2 2 2 2 2 2 2 2 2 2 2 2 2 2 2 2 2 2 2 2 2 2 2 2 2 2 2 2 2 2 2 2 2 2 2 2 2 2
left_child=1 2 11 36 13 7 -2 8 -6 12 44 14 -4 -5 19 30 43 -15 -19 20 35 37 -16 24 -24 -7 -27 -18 39 -30 31 33 -33 34 -11 -1 45 42 -39 40 -23 -34 -22 -10 -8 -3
right_child=6 3 9 4 5 25 10 -9 16 15 -12 -13 -14 17 22 -17 27 18 -20 -21 21 28 23 -25 -26 26 -28 -29 29 -31 -32 32 41 -35 -36 -37 -38 38 -40 -41 -42 -43 -44 -45 -46 -47
leaf_value=0.0070425536930144141 0.017187706117556 0.077202657259089091 0.030470454188503544 0.017349409058915872 -0.025737081085099717 0.066201903262098502 -0.036278737386287722 -0.023567663770157472 0.051495907312606129 0.036508513379317903 0.0071053600006856692 -0.029976016314531395 -0.019646714775941144 0.072284875713640603 0.0007127948500731308 0.066538521389583785 0.024469233034955986 0.016738447376255693 0.05935737550477687 -0.028335817366192086 -0.0022076357624737034 0.019248102990295713 -0.0021746598606546355 0.049986521915833693 0.037574624044370813 0.017000594105562771 0.050514179739646871 -0.011211195337848966 0.0042515757360334916 -0.035443497957451942 0.0091089213295972287 0.015057944144715125 0.040033230015511068 0.043619155817733832 -0.0039542045028144214 -0.023819881649099386 0.043403403716268524 0.044826385814363823 0.013932101993674034 0.026373286843670796 -0.014210057753380294 0.065774606436231731 0.023268777951744674 0.025541584602547143 -0.063141758638045317 0.058832723383099084
leaf_weight=23.191012129187584 24.442686140537262 38.394741252064705 27.875484526157379 32.717146381735802 23.188272580504417 26.482312679290771 33.620901197195053 32.839368999004364 31.567080169916153 33.269979745149612 19.129301637411118 29.061529859900475 28.031885027885437 53.10760286450386 31.209700971841812 28.456652224063873 28.34419672191143 30.306536108255386 41.266333058476448 23.250789150595665 36.925698101520538 27.336074411869049 35.024769932031631 38.684292942285538 24.203388005495071 33.507314950227737 34.817562088370323 24.387856498360634 29.594662502408028 25.052051931619644 28.695772424340248 28.056496128439903 47.989075928926468 27.519366666674614 38.655752032995224 37.635330975055695 52.507441699504852 30.802805364131927 26.735966488718987 26.026284903287888 36.724048644304276 41.564366012811661 36.865755394101143 37.501888662576675 18.08318892121315 115.89241275191307
leaf_count=83 84 90 87 109 86 68 148 132 90 99 72 127 104 134 112 71 86 94 107 93 136 94 127 119 77 105 96 88 110 102 94 91 141 80 132 148 145 96 93 86 141 111 125 120 86 294
internal_value=0 0.0261131 0.0154831 0.0402287 0.0311301 0.0215218 -0.0195336 0.00935992 0.0169282 0.0304326 -0.032268 0.00592175 0.0054381 0.0475321 0.00811082 0.0354903 0.0251942 0.0552512 0.0417903 0.00304903 0.00529253 0.00916114 0.022097 0.0288371 0.0144229 0.043998 0.034561 0.00806598 -0.000488383 -0.014256 0.03164 0.0345633 0.0438275 0.0232797 0.0150062 -0.0121295 0.0589086 0.0197188 0.0309543 0.00792793 0.000143787 0.052575 0.0106612 0.0379693 -0.0466937 0.0638718
internal_weight=0 1485.27 848.439 636.828 430.033 272.636 95.2761 177.829 144.989 330.115 70.8334 518.324 55.9074 157.398 489.263 274.207 121.801 124.68 71.5729 360.14 336.89 276.063 129.122 97.9125 59.2282 94.8072 68.3249 52.7321 144.733 54.6467 245.751 217.055 117.61 99.4451 71.9257 60.8263 206.795 131.33 57.5388 90.0864 64.0601 89.5534 73.7915 69.069 51.7041 154.287
internal_count=5113 4723 2879 1844 1315 871 390 602 470 1010 306 1869 191 444 1742 819 384 335 201 1307 1214 983 435 323 204 269 201 174 533 212 748 654 343 311 231 231 529 450 189 321 235 252 261 210 234 384
is_linear=0
shrinkage=0.05


Tree=8
num_leaves=49
num_cat=0
split_feature=30 11 17 10 13 14 10 27 11 16 11 13 16 17 19 13 12 30 14 11 21 24 19 30 25 19 10 29 24 11 25 20 3 24 30 11 29 10 29 24 22 16 16 10 30 0 21 11
split_gain=64.296 68.7684 64.2276 46.7322 16.188 19.1958 15.9191 16.6466 21.0275 14.8854 11.6558 11.2241 24.5939 10.7123 9.58239 8.96639 11.5135 9.58211 8.70648 14.4683 8.70281 9.21184 9.48595 8.1892 9.2993 9.61011 7.75981 7.74998 10.5476 10.4079 9.14963 7.2894 5.95414 5.86246 5.46285 5.30825 4.44341 3.23548 3.18214 2.69096 2.62253 2.41731 2.30132 2.03755 1.8434 1.71898 1.31098 0.789334
threshold=0.28313308994381592 7.8125000000000009 1.0000000180025095e-35 23.437500000000004 -0.97078855463663349 0.73090982196156784 20.187500000000004 5.0000000000000009 10.562500000000002 13.500000000000002 5.3958250000000012 -8.5234945966201909 31.500000000000004 4.5000000000000009 22.500000000000004 -5.2904464887756655 256.87500000000006 0.73136292505298039 -2.1687793131082591 7.3125000000000009 60.500000000000007 19.500000000000004 26.500000000000004 -0.86974577485258975 6.5000000000000009 45.500000000000007 17.937500000000004 0.056951373111866731 58.500000000000007 8.1875000000000018 6.5000000000000009 1.5000000000000002 80.500000000000014 71.500000000000014 -0.84313311835787952 6.0625000000000009 -0.065535378769913874 16.187500000000004 0.77788564761185042 14.500000000000002 2.5000000000000004 30.500000000000004 63.500000000000007 15.562500000000002 -0.38243420677835349 79.500000000000014 1.5000000000000002 10.937500000000002
decision_type=2 2 2 2 2 2 2 2 2 2 2 2 2 2 2 2 2 2 2 2 2 2 2 2 2 2 2 2 2 2 2 2 2 2 2 2 2 2 2 2 2 2 2 2 2 2 2 2
left_child=2 3 6 4 5 32 18 8 14 -6 -7 38 15 26 39 17 -17 -13 36 23 21 -21 -23 33 -25 -26 27 28 -4 -29 37 -24 -2 -20 -22 -32 -1 42 45 -8 -12 -36 -30 -14 -10 -3 -5 -47
right_child=1 11 13 46 9 10 7 -9 44 -11 40 12 43 -15 -16 16 -18 -19 19 20 34 22 31 24 25 -27 -28 29 30 -31 35 -33 -34 -35 41 -37 -38 -39 -40 -41 -42 -43 -44 -45 -46 47 -48 -49
leaf_value=0.014658468249780374 -0.0049690051658458157 0.069107502954081662 -0.0035102488311814662 -0.022785749851818828 -0.019992902537369125 0.017643240457683996 -0.032156725058503914 0.026462282421830709 0.016931261699688348 0.025563529715120395 0.063445863299013736 0.055115404296335761 0.05109357727568821 0.057285945865984705 -0.0092315267408388819 -0.010698259671023461 0.035409861737201884 0.01766312253109947 0.015599465624533944 -0.015666581557345068 -0.029942513447542403 0.038338053634938869 0.019321486065083687 -0.015180715793611728 0.040455117998694189 -0.00039228066721593095 0.0064558903394411659 0.058114444196089847 0.03163306324239594 0.020857427103435241 0.027973574360676295 -0.011261408573538053 0.024187908478551748 0.047402497176699247 0.0043208861109789538 -0.0038968661071604642 0.044435640073943898 0.024880712600083524 0.040194358081658547 -0.060492465825785949 0.041570914284049187 -0.017268130866400413 0.052870558634829118 0.072681117975888054 -0.0029558188196345987 0.046837873461376578 -0.042964970008168346 0.060113683001863122
leaf_weight=30.563198611140251 30.320216149091721 56.53787636756897 26.676460057497025 22.440282076597214 33.166805177927017 29.513394355773926 18.785500302910805 23.984288737177849 23.664848864078522 36.766661509871483 47.557170674204826 35.410768762230873 39.590809434652328 36.776935651898384 22.682143419981003 29.984351441264153 23.183935672044754 34.772228553891182 29.182761922478676 35.540555387735367 32.655962944030762 27.150367319583893 38.542604684829712 27.546741932630539 27.429921194911003 29.138208210468292 35.796496972441673 51.105598598718643 27.364424735307693 31.824216991662979 26.14365716278553 37.484874233603477 39.526309907436371 30.931111454963684 32.710911974310875 24.774683803319931 22.235945880413055 33.732791781425476 33.488895520567894 25.701008483767509 32.928791105747223 20.162797436118126 42.777218163013458 35.023676753044128 21.603951692581177 49.207031890749931 18.38651604950428 62.536100208759308
leaf_count=105 105 137 93 96 135 96 85 76 81 115 126 95 104 93 89 109 76 105 100 131 131 85 133 106 90 105 121 139 84 100 80 141 119 96 119 84 66 106 92 124 95 78 117 85 81 130 83 156
internal_value=0 0.0349447 0.0146129 0.0163559 0.0244698 0.0323711 0.0041817 -0.0106106 -0.0186823 0.00398057 0.0453116 0.0483841 0.0394826 0.0318133 -0.0362347 0.0254401 0.00968964 0.0370685 0.00898569 0.00622304 -0.00173201 0.00599343 0.0135332 0.0185184 0.00828237 0.0197733 0.0285128 0.0314635 0.0254162 0.044236 0.0303918 0.00429234 0.0116395 0.0324713 -0.0141862 0.0126904 0.0277917 0.0388651 0.0568799 -0.049497 0.0551163 -0.00407956 0.0451463 0.0620539 0.00758165 0.0599434 -0.0326835 0.0547349
internal_weight=0 690.342 894.67 290.606 249.779 179.846 557.698 136.422 112.437 69.9335 109.999 399.736 197.966 336.972 67.1687 123.351 53.1683 70.183 421.276 368.477 224.248 138.718 103.178 144.229 84.1149 56.5681 300.196 264.399 181.469 82.9298 154.793 76.0275 69.8465 60.1139 85.5297 50.9183 52.7991 103.874 201.77 44.4865 80.486 52.8737 70.1416 74.6145 45.2688 168.281 40.8268 111.743
internal_count=5098 2059 3039 970 791 541 2022 536 460 250 317 1089 574 1017 298 385 185 200 1486 1315 818 490 359 497 301 195 924 803 564 239 471 274 224 196 328 164 171 307 515 209 221 197 201 189 162 423 179 286
is_linear=0
shrinkage=0.05


Tree=9
num_leaves=48
num_cat=0
split_feature=27 9 16 13 16 10 12 16 12 13 12 13 16 0 10 9 23 13 16 22 9 16 13 23 16 30 29 29 1 29 24 12 21 12 29 12 19 21 20 30 19 10 25 16 30 29 24
split_gain=68.1499 59.032 55.1591 36.5744 29.8076 26.1938 21.4261 19.9757 15.375 13.5124 12.1905 11.5999 14.741 10.1774 11.9592 10.8685 10.0734 10.0361 12.5493 9.53467 8.78273 8.51034 8.3671 7.76855 7.64009 7.49464 7.41472 7.76839 7.4046 12.2115 6.98915 6.93537 6.57335 6.08997 8.43515 6.67356 5.38262 5.3095 5.18005 5.12634 4.70759 4.50949 4.21339 3.65731 1.46494 1.38887 0.239431
threshold=5.0000000000000009 52.562500000000007 45.500000000000007 -4.8702257561406581 31.500000000000004 20.187500000000004 193.12500000000003 13.500000000000002 194.37500000000003 -4.4065756392730444 141.87500000000006 -10.519467219319994 9.5000000000000018 85.500000000000014 19.437500000000004 65.937500000000014 3.5000000000000004 -8.7432939291315304 67.500000000000014 2.5000000000000004 72.812500000000014 66.500000000000014 -5.8789122344951599 8.5000000000000018 33.500000000000007 -0.29342786347392819 -0.159513159777915 0.94425825643485939 70.500000000000014 0.58481550752069722 14.500000000000002 105.62500000000001 3.5000000000000004 79.375000000000028 0.21022171450811275 116.87500000000001 54.500000000000007 4.5000000000000009 1.5000000000000002 -0.57782411410281842 65.500000000000014 15.187500000000002 5.5000000000000009 25.500000000000004 -0.13398942717002907 0.42179998225932674 69.500000000000014
decision_type=2 2 2 2 2 2 2 2 2 2 2 2 2 2 2 2 2 2 2 2 2 2 2 2 2 2 2 2 2 2 2 2 2 2 2 2 2 2 2 2 2 2 2 2 2 2 2
left_child=2 7 5 26 6 13 10 28 9 16 -5 -7 44 15 19 -1 17 -4 40 22 -11 -10 25 24 36 46 31 33 -2 -30 -8 32 -3 -28 -35 37 39 -36 -6 -21 -19 -34 -18 -25 -13 -12 -15
right_child=1 3 8 4 38 11 30 -9 21 20 45 12 -14 14 -16 -17 42 18 -20 23 -22 -23 -24 43 -26 -27 27 -29 29 -31 -32 -33 41 34 35 -37 -38 -39 -40 -41 -42 -43 -44 -45 -46 -47 -48
leaf_value=0.0042683195761367377 -0.033942491341837237 0.065074577862763799 0.03332411860414064 -0.0047092624768677663 0.028637418986585068 0.0035503405200364084 -0.035787871891780662 0.037446419122328475 -0.014713067118991367 0.0254332035793946 0.045113622939333353 -0.059906849296884591 -0.0061093512830594048 -0.0097153461994349925 0.028569611249033112 0.047502808470390415 0.022942730417334998 -0.024412205646368174 0.03027068702860471 -0.031549949309363549 0.057108013054242082 0.024219263895253071 0.02647307318047612 0.020801311845006075 -0.033537206838913376 0.01698662495605217 0.016132643486870307 0.061341824090053731 -0.025365571990699404 0.026270281940833608 0.0025908265564717789 0.075271530651803503 0.054445242775378072 0.057397178891479328 0.034864761670989709 0.050822419832729872 0.011833755776827009 0.0057870542122690077 0.055857206264862826 0.0007607723954123352 0.0036739700178121289 0.030424025393424443 0.048456946319983041 -0.0058502736322069452 -0.036061166441021704 0.026418422993162077 -0.018190814252098304
leaf_weight=29.538267850875854 31.271891251206398 47.125942960381508 47.203668028116226 27.86079503595829 33.791861832141876 32.697111323475838 27.760911494493484 21.970728054642677 32.131186872720718 37.473159432411194 24.773132219910622 24.684209018945694 32.189685449004173 21.685419127345085 39.412595331668854 28.041520655155182 31.233188271522522 25.245277807116508 30.985714256763458 24.410717263817787 62.345914840698242 23.361881092190742 46.423863783478737 25.449169397354126 38.206697583198547 33.838694557547569 33.862016871571541 38.681163132190704 24.695189774036407 19.660124078392982 19.974091365933418 38.016500294208527 36.70214581489563 48.633181422948837 32.80450838804245 28.380767479538918 26.136557102203369 30.196901649236679 47.017627462744713 23.660097420215607 34.059271335601807 53.997579574584961 41.703490525484085 24.405272915959358 17.936365619301796 27.622292399406433 20.599512845277786
leaf_count=104 136 114 142 96 98 117 114 64 119 116 72 120 129 80 131 84 95 95 90 97 168 70 153 85 151 115 102 99 103 68 74 88 92 122 91 76 91 93 122 85 114 151 122 89 82 90 80
internal_value=0 0.0325302 0.0114346 0.038413 0.0213845 0.000445835 0.00626407 -0.00349138 0.0260948 0.0304178 0.0219425 -0.0212397 -0.0319785 0.00659144 0.00311583 0.0257751 0.0230405 0.0148936 0.00499868 -0.000494075 0.0455872 0.00181554 0.00998756 -0.00842264 -0.0156656 -0.000279001 0.0474889 0.0407273 -0.0157178 -0.00240382 -0.0200052 0.0553859 0.0493981 0.0358168 0.0404291 0.0308753 -0.0061406 0.0212358 0.044964 -0.0159554 -0.00848855 0.0406321 0.0379892 0.00789606 -0.0509284 0.0359371 -0.0141691
internal_weight=0 694.799 855.059 597.201 208.801 489.316 127.991 97.5979 365.743 310.25 80.2562 107.507 74.8103 381.808 324.229 57.5798 210.431 137.494 90.2903 284.816 99.8191 55.4931 122.547 162.269 112.414 76.1236 388.401 212.559 75.6272 44.3553 47.735 175.842 137.826 173.877 140.015 91.3822 74.2074 63.0014 80.8095 48.0708 59.3045 90.6997 72.9367 49.8544 42.6206 52.3954 42.2849
internal_count=4989 2065 2924 1694 666 1793 446 371 1131 942 258 448 331 1345 1157 188 658 441 299 1026 284 189 428 598 424 275 1028 583 307 171 188 445 357 484 382 260 273 184 220 182 209 243 217 174 202 162 160
is_linear=0
shrinkage=0.05


Tree=10
num_leaves=50
num_cat=0
split_feature=27 16 9 19 10 15 25 23 30 10 14 30 23 20 14 24 14 9 9 9 14 16 21 24 16 9 14 19 10 14 21 23 0 1 14 18 1 4 4 1 14 29 16 1 14 14 24 29 9
split_gain=59.0956 61.6083 41.5291 33.7484 22.7779 16.2715 12.4674 16.1783 15.1557 13.7249 11.7896 9.89841 13.2988 9.17552 7.49913 8.68925 7.49577 8.47895 7.21925 6.67473 6.6202 6.50699 6.48541 9.61605 9.19569 8.50955 6.71361 5.76579 7.30149 5.67865 7.53188 5.64865 5.61208 7.41827 5.33476 6.11945 7.5523 4.69963 4.26727 7.72658 3.73662 8.01108 6.53358 2.66953 2.50405 2.39014 2.12098 0.826386 0.272677
threshold=5.0000000000000009 45.500000000000007 53.062500000000007 1.0000000180025095e-35 20.187500000000004 72.500000000000014 6.5000000000000009 8.5000000000000018 0.9863035000474919 15.437500000000002 -3.2702489372935597 -0.55656394595157355 6.5000000000000009 1.0000000180025095e-35 4.2346724667781599 53.500000000000007 -3.2702489372935597 47.312500000000007 58.437500000000007 73.562500000000014 0.82855671233564909 6.5000000000000009 88.500000000000014 64.500000000000014 19.500000000000004 68.562500000000014 5.7149815167809441 19.500000000000004 13.812500000000002 -2.6714106319856756 4.5000000000000009 3.5000000000000004 86.500000000000014 89.500000000000014 1.3518307998509236 1.5000000000000002 89.500000000000014 86.250000000000014 90.250000000000014 91.500000000000014 -0.61668041905968218 0.34235194516023087 14.500000000000002 88.500000000000014 2.2726159463500806 -2.8217245347621929 6.5000000000000009 -0.49813634056773481 73.437500000000014
decision_type=2 2 2 2 2 2 2 2 2 2 2 2 2 2 2 2 2 2 2 2 2 2 2 2 2 2 2 2 2 2 2 2 2 2 2 2 2 2 2 2 2 2 2 2 2 2 2 2 2
left_child=1 4 3 16 10 11 8 9 27 -8 -1 31 32 14 15 -12 -2 -18 -11 -17 -20 -9 23 25 -24 -15 38 28 -4 -6 -31 34 -13 -34 -3 -36 -37 -32 44 -40 45 -42 -43 -33 -27 47 -22 -30 -25
right_child=2 5 6 -5 29 -7 7 21 -10 18 13 12 -14 22 -16 19 17 -19 20 -21 46 -23 24 48 -26 26 -28 -29 40 30 37 43 33 -35 35 36 -38 -39 39 -41 41 42 -44 -45 -46 -47 -48 -49 -50
leaf_value=0.032269302244874766 0.0024354807300513768 0.0037158732898647387 0.023232800436545683 0.044308478534471306 0.000437653585387937 0.058631203264603166 0.061247029305945805 0.02119636246540077 0.014739198214623781 0.0075686533375576518 0.029443999945988682 0.040986659929897938 -0.018586445311499011 0.017388010627469863 0.035589379532309118 0.0095907437956308204 -0.053258924099777519 -0.0084688681120796278 0.047330201387765176 -0.024600797541012159 0.010819373121800093 -0.011188887514317566 0.0033205431114182778 0.015925893498553289 -0.040607560979808763 -0.039107425975770847 0.013018730919516389 0.061088569612068627 0.053572371666913893 -0.050919515157581689 0.0015070114488547023 0.052053313051358553 0.00022971169226614397 0.032280223575579532 0.0078656134190607675 0.021979579438354824 0.055718741326090108 -0.027280926676348245 0.012546934985409592 -0.025911163832964431 0.054126460970745284 0.0085492112267381726 0.04234601232541009 0.031823741398348607 -0.013599904205573244 0.065826932607968611 0.030598376039555886 0.03767086293714475 0.025367671484881338
leaf_weight=37.823223054409027 30.887659817934036 27.151286482810974 43.300336197018623 32.270133301615715 26.291808977723122 37.056964740157127 38.740858718752861 29.866106480360031 44.145173937082291 35.281453892588615 27.670447766780853 25.076710745692253 26.253854811191559 33.102484092116356 30.604507625102997 34.618615701794624 19.35805556178093 22.915833801031113 49.22806915640831 22.859980911016464 26.684836775064468 30.271482408046722 23.344451650977135 24.604005455970764 23.036206752061844 23.720845013856888 22.517383173108101 60.102483138442039 33.055389270186424 21.705635920166969 22.490552917122841 34.28792142868042 43.267202332615852 29.999346971511841 26.204106509685516 41.868388965725899 29.254500970244408 36.895508676767349 25.017277583479881 25.353602409362793 48.943419814109802 28.818809553980827 28.681540340185165 47.033984884619713 18.327837154269218 36.399507403373718 30.520206719636917 31.389082849025726 23.303836792707443
leaf_count=118 115 91 125 99 102 92 97 93 132 119 89 75 94 110 98 121 91 88 131 89 85 105 85 83 95 95 78 149 84 102 91 94 146 94 88 127 79 157 88 99 126 90 80 142 68 89 91 87 77
internal_value=0 0.0119214 0.0314423 0.00249007 0.000547175 0.0274564 0.0365561 0.0275433 0.0425725 0.0349944 0.00609359 0.0237935 0.0125248 0.00324655 0.0147627 0.00695083 -0.016304 -0.0297359 0.0274387 -0.00419582 0.0338937 0.00497822 -0.00229245 0.00171314 -0.0188941 -0.00460885 -0.0110394 0.0464673 0.0427316 -0.0197691 -0.0262461 0.0305224 0.0209338 0.0136109 0.0234826 0.028903 0.0364374 -0.016534 -0.0169776 -0.00693808 0.0466736 0.0392306 0.025843 0.0408819 -0.0285636 0.0540675 0.0217163 0.0465212 0.0209434
internal_weight=0 870.742 700.86 105.432 503.288 367.454 595.429 240.593 354.836 180.455 395.905 330.397 124.597 358.081 115.754 85.149 73.1615 42.2739 141.715 57.4786 106.433 60.1376 242.328 195.947 46.3807 148.039 114.937 310.691 250.588 107.384 81.0917 205.8 98.3433 73.2665 124.478 97.327 71.1229 59.3861 92.4196 50.3709 207.288 106.444 57.5003 81.3219 42.0487 100.844 57.205 64.4445 47.9078
internal_count=5043 2967 2076 393 1845 1122 1683 721 962 523 1393 1030 409 1275 397 299 294 179 426 210 307 198 878 698 180 538 428 830 681 452 350 621 315 240 385 294 206 248 350 187 556 296 170 236 163 260 176 171 160
is_linear=0
shrinkage=0.05


Tree=11
num_leaves=50
num_cat=0
split_feature=10 28 9 16 31 12 10 7 12 15 23 14 16 21 24 26 15 12 28 12 1 24 12 29 16 22 14 12 23 24 15 16 16 14 15 16 14 29 0 10 12 29 14 15 15 10 12 21 24
split_gain=54.951 29.9425 27.3946 26.1092 23.8656 23.1718 21.4902 19.4658 16.3676 27.9201 12.5164 9.50906 11.6857 9.44892 9.20912 9.41358 11.3623 17.8601 11.8895 11.4865 11.3448 11.2011 10.1038 8.90971 9.97558 9.65423 8.181 8.17162 7.74822 6.78405 12.5459 15.6279 7.40379 6.09535 6.26865 8.9541 5.67361 5.31787 8.66456 6.05246 5.2905 5.10159 5.06358 4.70475 4.11751 3.31743 2.92675 2.8415 2.80275
threshold=18.687500000000004 5.0000000000000009 49.812500000000007 87.500000000000014 10.500000000000002 304.37500000000006 21.812500000000004 1.0000000180025095e-35 135.62500000000006 6.5000000000000009 11.500000000000002 4.7363723270959026 26.500000000000004 10.500000000000002 3.5000000000000004 6.5000000000000009 38.500000000000007 195.625 5.0000000000000009 139.37500000000006 82.500000000000014 57.500000000000007 124.37500000000001 -0.59176244063315286 29.500000000000004 1.5000000000000002 2.3489169866191593 98.125000000000014 4.5000000000000009 74.500000000000014 46.500000000000007 58.500000000000007 70.500000000000014 3.5428719958314194 3.5000000000000004 33.500000000000007 1.8124274644935359 0.85673801594079257 87.500000000000014 19.187500000000004 71.875000000000014 0.29342972903661901 1.3122821029440155 49.500000000000007 17.500000000000004 21.562500000000004 90.625000000000014 61.500000000000007 53.500000000000007
decision_type=2 2 2 2 2 2 2 2 2 2 2 2 2 2 2 2 2 2 2 2 2 2 2 2 2 2 2 2 2 2 2 2 2 2 2 2 2 2 2 2 2 2 2 2 2 2 2 2 2
left_child=3 6 5 4 14 41 10 13 40 45 11 37 -13 -6 -1 -16 17 18 19 22 36 28 23 24 48 -26 42 -8 -18 43 -31 -32 -33 34 -9 -36 -20 38 -2 -40 -4 -3 47 -23 -28 -10 -42 -25 -17
right_child=1 2 8 -5 7 -7 27 33 9 -11 -12 12 -14 -15 15 16 21 -19 20 -21 -22 29 -24 26 25 -27 44 -29 -30 30 31 32 -34 -35 35 -37 -38 -39 39 -41 46 -43 -44 -45 -46 -47 -48 -49 -50
leaf_value=0.0459381133991437 0.032658341547416578 -0.011792193593620704 0.023984211719514197 0.070817356943689555 0.034330202533331404 0.034681453284631021 -0.012711089963751308 0.056358072278798632 -0.027048019129957652 0.045466259599801606 0.034668648603592145 -0.044397955633126776 0.006776790356533279 -0.0058916230300864667 -0.0049002568416193146 0.025097559666101395 0.024360192434655294 -0.01753383403987718 0.0033435741748878639 0.036517782228125309 0.049895343548522889 0.028249511573667521 -0.019861582407286003 0.013827660145458297 0.03158189441085392 -0.009481360198675598 0.0033404562059998972 -0.050017488666803812 -0.010303875991066918 0.052430105033244738 -0.014412067536024165 0.043135715190938277 0.010956395616387017 0.065425389559131228 0.013268246781485983 0.050870836084117424 0.031348219215351934 -0.013613994108777592 -0.020266061197356383 0.011763863245948778 0.058057397114442015 -0.046510136983454915 -0.026892907569577237 0.054022878663124101 0.032138365882856096 -0.00032870918409766864 0.036523529978497088 -0.010700590221021506 0.049032026508350306
leaf_weight=36.727908909320831 29.523517817258835 21.103644132614136 45.61854375898838 32.147913262248039 29.255138456821442 18.969332247972488 30.592651963233948 47.269487231969833 25.522779628634453 30.510151907801628 25.576076835393906 24.31685334444046 19.525834977626801 27.736347571015358 34.800521865487099 28.553177326917648 40.597509831190109 34.614545851945877 32.371410474181175 46.763900920748711 52.662615120410919 31.031368479132652 25.099042177200317 22.892295256257057 23.762960657477379 33.126899585127831 23.839534044265747 28.94859017431736 25.586936056613922 35.613531708717346 26.815689519047737 42.32425332069397 31.935927197337151 45.810105949640274 34.381731823086739 29.966711103916168 40.755925193428993 28.27152918279171 22.2151989787817 39.442730948328972 34.288446426391602 22.217536121606827 22.356538608670235 58.200890570878983 25.492974460124969 20.714859560132027 46.950913459062576 22.36292876303196 28.085018366575241
leaf_count=100 95 88 135 75 81 64 123 117 100 86 82 105 69 88 114 92 124 134 100 146 140 94 94 77 77 123 84 144 86 97 93 118 96 110 101 76 117 109 84 139 87 98 89 156 83 79 133 84 86
internal_value=0 0.00702282 0.0186529 0.0269154 0.0254927 -0.0102375 -0.00545065 0.0403727 0.0274984 0.00910794 0.00284438 -0.00232076 -0.0219638 0.0149912 0.0215876 0.0203984 0.0215697 0.016631 0.0194277 0.0139741 0.0323217 0.0293099 0.00972284 0.0130165 0.0229315 0.00792007 0.0032784 -0.0313758 0.0110051 0.0346002 0.027224 0.0179161 0.0296263 0.0494086 0.0423124 0.03129 0.0191637 0.00501131 0.0108713 8.43008e-05 0.0384661 -0.0302452 -0.00798329 0.0454724 0.0185649 -0.0153379 0.0462077 0.00173769 0.0376107
internal_weight=0 514.309 265.896 1072.94 1040.79 62.2905 248.413 214.42 203.606 76.7478 188.872 163.296 43.8427 56.9915 826.374 789.646 754.846 462.74 428.125 302.335 125.79 292.106 255.571 230.472 113.528 56.8899 116.944 59.5412 66.1844 225.922 136.689 101.076 74.2602 157.428 111.618 64.3484 73.1273 119.453 91.1814 61.6579 126.858 43.3212 67.6118 89.2323 49.3325 46.2376 81.2394 45.2552 56.6382
internal_count=5072 1820 870 3252 3177 250 950 573 620 265 683 601 174 169 2604 2504 2390 1526 1392 1035 357 864 889 795 378 200 417 267 210 654 404 307 214 404 294 177 217 427 318 223 355 186 250 250 167 179 220 161 178
is_linear=0
shrinkage=0.05


Tree=12
num_leaves=47
num_cat=0
split_feature=10 30 11 10 10 11 30 17 1 29 29 22 18 18 9 4 19 30 30 11 14 14 24 19 12 23 12 13 23 30 11 12 9 30 21 13 9 30 7 13 14 20 20 7 23 21
split_gain=52.7204 24.2225 51.5571 22.0989 18.7305 17.1325 15.7875 13.4478 13.1803 12.0093 11.9605 11.5853 14.7809 10.1847 9.89223 9.82897 10.0884 9.49652 10.6983 8.47791 9.19761 8.29266 8.18744 6.55924 5.88608 6.06761 8.17504 5.84731 5.80988 9.62743 8.59007 11.7133 8.81531 8.52014 8.27846 7.52806 7.46459 5.269 4.85615 4.38841 4.37688 3.34496 2.78709 2.20264 4.35617 1.49543
threshold=16.187500000000004 0.1318557721318592 7.3125000000000009 20.187500000000004 22.812500000000004 12.437500000000002 0.3484035575467645 3.5000000000000004 73.500000000000014 -0.26037633224328088 -0.031173458710879235 1.5000000000000002 1.5000000000000002 1.5000000000000002 71.937500000000014 79.750000000000014 3.5000000000000004 0.96177147954086928 0.83258597624099873 5.6562500000000009 3.2155161213997343 -2.8217245347621929 7.5000000000000009 9.5000000000000018 67.812500000000014 6.5000000000000009 106.87500000000001 -7.1102190554992344 7.5000000000000009 -0.53495380374625956 7.0625000000000009 113.12500000000003 74.062500000000014 -0.67801649466304881 53.500000000000007 -2.9642314499808884 71.812500000000014 -0.67801649466304881 1.0000000180025095e-35 -3.7554532599647685 4.2346724667781599 2.5000000000000004 1.5000000000000002 1.0000000180025095e-35 2.5000000000000004 82.500000000000014
decision_type=2 2 2 2 2 2 2 2 2 2 2 2 2 2 2 2 2 2 2 2 2 2 2 2 2 2 2 2 2 2 2 2 2 2 2 2 2 2 2 2 2 2 2 2 2 2
left_child=6 3 4 13 19 38 7 10 -4 43 11 27 -13 21 -12 -11 -17 18 24 -3 22 -2 -21 -18 -10 42 -27 -1 30 36 32 33 35 34 -32 -23 -30 -15 -5 -40 -9 -6 -26 -8 -45 -29
right_child=1 2 8 5 41 -7 9 40 17 15 14 12 -14 37 -16 16 23 -19 -20 20 -22 28 -24 -25 25 26 -28 45 29 -31 31 -33 -34 -35 -36 -37 -38 -39 39 -41 -42 -43 -44 44 -46 -47
leaf_value=0.037320198649044692 0.031758374819272357 -0.010059598073326253 0.0078901354035149796 -0.046263608834068777 -0.044584812909210216 0.019511973197723836 0.037257588198829017 0.029093224222914233 0.022262574817668291 0.046506077782984871 0.013099696261856506 -0.030343050727924592 0.01656911252898504 0.035364402427542158 0.046294683686685462 0.039133122646031721 -0.010183523194925964 0.062913193168426404 0.0093386499789098795 0.022368990569250541 0.037220485158683723 0.030382438471902543 -0.016904062416416767 0.023126595956660268 0.040823415921658154 0.048273012318800157 0.011103473604159433 0.017952575182622301 0.043963743455041199 -0.0082190226680661591 0.0077376251876039364 -0.032497421798166164 -0.015289517331429435 0.017105187306675436 -0.033582677372340497 -0.0021091221522044289 0.0092060770874361261 0.0079494443778019269 -0.0079957145290135527 -0.035888475735066545 0.055778047694699073 -0.01538540798854207 0.064413421881587427 0.065614538662680272 0.041599873440296913 0.00061840961718565403
leaf_weight=31.535753130912781 28.188966602087021 42.303356721997261 44.149483904242516 21.833879888057709 20.134229138493538 26.157639637589455 32.576045855879784 36.769133016467094 44.163731127977371 55.039689406752586 42.336166843771935 33.137459263205528 32.137012645602226 51.517399773001671 49.503023967146873 38.665028855204582 29.319303795695305 32.914372950792313 38.222366139292717 26.767707735300064 33.208518654108047 48.466970041394234 24.450597018003464 27.96316796541214 31.489170521497726 32.71780201792717 27.715039893984795 25.15480925142765 28.45357982814312 31.174031481146812 22.914134353399277 36.741894543170929 24.509849354624748 41.356708616018295 24.026826113462448 27.679110467433929 33.919035166501999 27.369918435811996 38.650542423129082 21.947058975696564 32.82103106379509 21.333409264683723 38.286354154348373 52.158901333808899 43.183647856116295 23.87276928126812
leaf_count=95 87 155 151 103 94 90 88 103 131 145 137 129 100 149 142 106 95 80 114 83 102 154 86 80 86 84 89 81 84 111 81 149 90 138 98 98 116 89 154 107 82 92 98 124 113 79
internal_value=0 0.0120726 0.0205025 0.00483221 -0.00152079 -0.0152118 0.0309957 0.023043 0.0332522 0.0396435 0.0172538 0.00825663 -0.00734497 0.00996134 0.0312983 0.0297358 0.0197352 0.0377625 0.0335923 0.0080526 0.0171395 0.00623909 0.00365613 0.00619504 0.0388251 0.0442303 0.031685 0.0208325 0.00389362 0.014299 -0.000463255 -0.00918302 0.0103526 0.000773707 -0.0136716 0.0186975 0.0255056 0.0260714 -0.0263324 -0.0185165 0.0422906 -0.0302789 0.0544946 0.0510166 0.0552822 0.00969321
internal_weight=0 992.764 457.856 534.908 168.198 108.589 586.173 307.267 289.658 278.906 237.677 145.838 65.2745 426.318 91.8392 150.987 95.9475 245.509 212.594 126.73 84.4268 347.431 51.2183 57.2825 174.372 130.208 60.4328 80.5633 319.242 93.5466 225.695 125.04 100.656 88.2977 46.941 76.1461 62.3726 78.8873 82.4315 60.5976 69.5902 41.4676 69.7755 127.919 95.3425 49.0276
internal_count=5042 3343 1445 1898 612 454 1699 948 833 751 763 484 229 1444 279 426 281 682 602 426 271 1206 169 175 488 357 173 255 1119 311 808 466 342 317 179 252 200 238 364 261 185 186 184 325 237 160
is_linear=0
shrinkage=0.05


Tree=13
num_leaves=46
num_cat=0
split_feature=27 11 15 2 11 13 15 30 13 16 15 12 12 13 13 11 11 30 30 14 12 9 9 23 24 3 30 25 12 19 13 23 19 2 3 23 9 19 9 23 9 21 9 3 21
split_gain=39.8693 55.3517 34.2396 31.0102 28.0148 17.6973 19.7502 17.2931 15.2536 22.0028 13.1355 11.4589 8.60373 8.21568 10.05 7.53128 14.905 10.1837 7.90878 7.80747 10.4345 7.36308 7.01712 10.5 7.01154 10.6493 6.16869 5.59352 5.47709 5.4125 5.33842 5.11502 5.01356 4.87208 11.0499 5.53802 5.49624 5.42544 6.56641 3.93009 2.86895 1.23784 2.0292 1.74897 0.379479
threshold=5.0000000000000009 5.8125000000000009 33.500000000000007 75.500000000000014 8.3125000000000018 -4.8702257561406581 10.500000000000002 0.89691351184655443 -2.5177889412326984 35.500000000000007 72.500000000000014 171.87500000000003 149.37500000000003 2.3197265369149727 -4.0393967416472334 10.687500000000002 6.8125000000000009 -0.5129677127369543 -0.97507822412530132 2.4308471283988928 73.125000000000014 64.687500000000014 69.187500000000014 9.5000000000000018 55.500000000000007 89.500000000000014 0.77652048701313048 7.5000000000000009 186.87500000000003 5.5000000000000009 -7.8456577453491692 2.5000000000000004 13.500000000000002 88.500000000000014 86.500000000000014 7.5000000000000009 72.937500000000014 79.500000000000014 73.937500000000014 1.0000000180025095e-35 48.187500000000007 3.5000000000000004 62.562500000000007 80.500000000000014 11.500000000000002
decision_type=2 2 2 2 2 2 2 2 2 2 2 2 2 2 2 2 2 2 2 2 2 2 2 2 2 2 2 2 2 2 2 2 2 2 2 2 2 2 2 2 2 2 2 2 2
left_child=2 7 8 4 40 22 11 12 15 28 13 -7 -2 14 33 16 17 -1 -18 20 -17 -20 23 29 27 -26 -8 30 -10 41 -23 39 -22 34 -4 37 -36 38 -35 -16 -3 42 -5 -43 -24
right_child=1 3 10 5 -6 6 26 -9 9 -11 -12 -13 -14 -15 31 19 18 -19 21 -21 32 24 44 -25 25 -27 -28 -29 -30 -31 -32 -33 -34 35 36 -37 -38 -39 -40 -41 -42 43 -44 -45 -46
leaf_value=0.036755721962155256 0.027640318039114337 -0.0088119724565910804 0.00086111999585810966 0.044883410388352529 0.031948774104430512 0.026201556160745782 0.023626836181992884 -0.036263423887100819 -0.056653901437115343 0.017697931091477086 0.051984329847446109 -0.013190216630969974 -0.013115831129018554 -0.00094555631967092326 0.029671203045198831 0.03087509446112251 -0.030503177786761718 -0.00044535815092983994 -0.028356884572262583 0.03636716430491331 -0.015981838944407568 0.01692372712762245 0.064680659655838857 0.018028366562499992 0.011661205189694374 -0.027525317119774698 0.052311011100132691 0.029470779341444195 -0.022196803271135292 0.028970699798873789 -0.01646018610343215 0.020042418419869069 0.0099112792680617224 0.010291960036301177 0.020615272949656979 0.027662072540413304 0.049667905482657738 0.018999761890481744 -0.023614045040256812 0.055981234225299818 -0.03442903957485232 0.048045404743128378 0.062346954674979506 0.031188822341828595 0.04971191475569877
leaf_weight=40.789258077740669 26.835928276181221 21.947144582867622 35.47981370985508 62.265983521938324 48.627368703484535 31.609086632728577 36.934334427118301 35.634114682674408 20.468924477696419 27.83125276863575 33.378106728196144 41.60588575899601 23.372493028640747 43.552880361676216 32.857275456190109 35.345126658678055 27.000694140791893 32.821570575237274 21.487247660756111 33.603001326322556 33.219436764717102 25.398666501045227 35.001138880848885 49.457515701651573 31.871602714061737 35.932225570082664 44.257394671440125 29.353376984596252 29.889001771807671 54.910265669226646 20.92697699368 40.529193326830864 40.23104690015316 27.086916878819466 35.695514649152756 27.378931358456612 33.273916348814964 29.735404655337334 28.227460563182831 32.656748309731483 22.756960809230804 53.63883350789547 41.898070722818375 34.427597254514694 38.560308441519737
leaf_count=127 84 92 115 163 142 95 108 147 94 98 83 155 88 148 96 110 110 120 97 106 124 86 82 143 113 147 113 100 140 151 79 123 137 88 110 82 89 92 102 86 87 137 99 93 96
internal_value=0 0.0274025 0.011444 0.0326232 0.0059937 0.0373407 0.0228829 -0.0101189 0.0025185 -0.0175741 0.022263 0.00394028 0.00878231 0.0194219 0.0221633 0.0064028 0.00141151 0.0203849 -0.00593172 0.0156371 0.0089614 -0.00175054 0.0432937 0.0395623 0.00240257 -0.00920368 0.0397087 0.0127855 -0.0370329 0.0437816 0.00181385 0.0347624 -0.00185677 0.0158717 0.0236153 0.0085329 0.0351411 0.00212501 -0.00712268 0.0434304 -0.0223205 0.0478405 0.0524339 0.0418799 0.0576061
internal_weight=0 703.74 886.022 617.898 93.3315 524.566 154.407 85.8425 486.169 78.1892 399.852 73.215 50.2084 366.474 322.921 407.98 265.582 73.6108 191.971 142.399 108.796 164.97 370.16 296.598 143.483 67.8038 81.1917 75.679 50.3579 247.141 46.3256 106.043 73.4505 216.878 104.449 112.429 68.9694 85.0498 55.3144 65.514 44.7041 192.23 104.164 88.0664 73.5614
internal_count=5077 2075 3002 1756 321 1435 471 319 1788 332 1214 250 172 1131 983 1456 979 247 732 477 371 622 964 786 525 260 221 265 234 643 165 305 261 678 314 364 199 282 190 182 179 492 262 230 178
is_linear=0
shrinkage=0.05


Tree=14
num_leaves=49
num_cat=0
split_feature=30 11 15 11 4 11 19 15 11 31 22 29 30 20 11 1 23 14 19 14 19 20 29 12 29 14 14 20 24 24 23 11 11 29 24 12 25 11 25 1 19 15 24 15 11 23 14 22
split_gain=45.321 59.8604 50.9523 24.3821 23.813 16.9464 23.5014 15.4124 11.4678 11.2889 11.3184 10.1228 10.1186 9.00701 8.83219 12.3813 8.07171 7.75989 7.5051 7.3708 7.00901 7.04319 6.98037 6.95788 8.15334 7.19971 6.43363 6.27935 5.96669 7.50284 5.82234 5.72734 7.81626 5.18247 5.16745 5.15559 4.94045 4.78238 5.90039 4.72299 4.14554 3.83066 3.64974 2.88494 2.75927 2.20836 2.17453 1.03384
threshold=0.16587474750015932 8.6875000000000018 30.500000000000004 5.8125000000000009 76.750000000000014 10.687500000000002 18.500000000000004 72.500000000000014 6.8125000000000009 10.500000000000002 4.5000000000000009 -0.45274443793211405 -0.57077231802681661 1.0000000180025095e-35 7.9375000000000009 88.500000000000014 2.5000000000000004 0.73090982196156784 1.0000000180025095e-35 -3.2702489372935597 87.500000000000014 1.0000000180025095e-35 0.55656748448714433 64.375000000000014 0.48314048284850658 -8.1515552568245691e-16 1.4406386083287386 1.5000000000000002 77.500000000000014 55.500000000000007 1.5000000000000002 5.8125000000000009 8.4375000000000018 -0.41398024697495356 3.5000000000000004 154.37500000000003 6.5000000000000009 7.5625000000000009 7.5000000000000009 80.500000000000014 18.500000000000004 3.5000000000000004 74.500000000000014 4.5000000000000009 10.437500000000002 2.5000000000000004 -1.5435452747145539 1.0000000180025095e-35
decision_type=2 2 2 2 2 2 2 2 2 2 2 2 2 2 2 2 2 2 2 2 2 2 2 2 2 2 2 2 2 2 2 2 2 2 2 2 2 2 2 2 2 2 2 2 2 2 2 2
left_child=2 3 5 11 18 6 37 12 33 10 39 -2 14 -14 15 -4 -13 -11 46 -7 21 -17 28 44 34 -26 30 -27 29 -10 -21 -15 -33 -8 -25 -12 -23 -1 -39 -6 41 -36 -16 -28 -3 -43 -5 -41
right_child=1 23 7 4 9 19 8 -9 22 17 35 16 13 31 42 20 -18 -19 -20 26 -22 36 -24 24 25 27 43 -29 -30 -31 -32 32 -34 -35 40 -37 -38 38 -40 47 -42 45 -44 -45 -46 -47 -48 -49
leaf_value=-0.054006368610746341 0.010828264555975676 0.011972874563141989 0.05032455666624313 -0.027581027915829975 0.042466195874882616 0.029723744260324036 0.00016708262726245838 0.053142939812686141 -0.0072434474908665645 0.024529536100950655 0.012594598515950697 -0.00054522115971716726 0.029784932242241758 0.017095648061647008 -0.0070920282465293284 0.0051600425456670915 -0.037838585576400435 0.05304889781867568 0.016821003828554299 0.0094300145877229125 -6.5008579078809601e-05 0.045268729616183313 0.011499338099874634 0.06758795720406989 0.049857185329955478 0.0070339177274970277 0.0048624907813531928 0.036386680953864721 0.0021503739577970298 -0.04007009111445721 -0.021521015873678748 -0.023376032908260024 0.0099210956271923254 0.028844717240448511 0.050041230309820654 -0.019669760690347291 0.021353708808290683 -0.044688243348625464 -0.010346803702705874 0.025124609448613489 0.062797058597156133 0.020454406085201906 0.018707730313453963 0.029036330336235362 0.034569400537858376 0.040650583811983998 -0.0053711258246335845 0.010597840006768037
leaf_weight=22.239529699087143 38.032862320542336 27.270512238144875 50.555808648467064 25.091356605291367 34.30317397415638 35.753806218504906 28.870004013180733 34.284531265497208 34.377228423953056 48.593085020780563 26.406230941414833 25.263180613517761 32.13625930249691 31.504599943757057 26.431773513555527 28.923528209328651 33.178899094462395 52.663349643349648 22.280631437897682 27.451308682560921 29.990439608693123 45.848418578505516 28.377490773797035 39.046649888157845 39.636092066764832 34.412877395749092 25.376926556229591 39.179851740598679 30.519263610243797 35.413058459758759 31.861587345600128 37.727462366223335 31.551368996500969 33.707468599081039 58.913674652576447 21.597590506076813 46.350636839866638 21.705137595534325 29.666736677289009 26.598579987883568 30.84236766397953 31.164243832230568 26.609776929020882 23.957449093461037 29.302015274763107 30.199695706367493 20.10049544274807 26.555199101567268
leaf_count=112 127 82 134 104 96 112 105 84 131 138 81 95 97 99 90 94 138 133 70 94 97 128 101 91 103 105 88 108 115 150 119 137 101 107 148 79 143 98 125 81 75 89 82 77 79 79 76 85
internal_value=0 0.0260966 0.00919501 0.0127526 0.0196836 -0.00337376 -0.0108722 0.0213665 -0.00157913 0.0271271 0.0174798 -0.00907866 0.0184264 0.00717071 0.0242492 0.0290069 -0.0219979 0.0397361 -0.00644575 0.0103608 0.021591 0.0269097 -0.0100991 0.0408727 0.0439156 0.0327159 0.00377585 0.0229393 -0.0162625 -0.0242311 -0.00727736 -0.000261948 -0.00828627 0.0158251 0.0503781 -0.00202675 0.0336042 -0.0346735 -0.0254326 0.0280885 0.0455164 0.0406039 0.00595781 0.0169453 0.024074 0.0308862 -0.0180326 0.0181969
internal_weight=0 760.633 831.192 400.665 304.19 409.277 264.876 421.915 191.265 236.717 135.461 96.4749 387.63 132.92 254.71 201.669 58.4421 101.256 67.4725 144.401 151.113 121.123 128.687 359.968 303.395 113.229 108.647 73.5927 100.31 69.7903 59.3129 100.783 69.2788 62.5775 190.167 48.0038 92.1991 73.6114 51.3719 87.457 151.12 120.278 53.0416 49.3344 56.5725 61.3639 45.1919 53.1538
internal_count=5082 2262 2820 1303 943 1534 1044 1286 709 693 422 360 1202 434 768 596 233 271 250 490 462 365 497 959 798 316 378 213 396 281 213 337 238 212 482 160 271 335 223 262 391 316 172 165 161 168 180 166
is_linear=0
shrinkage=0.05


Tree=15
num_leaves=47
num_cat=0
split_feature=11 30 9 15 12 19 23 28 15 12 30 1 30 9 11 11 11 30 30 20 15 15 19 13 29 12 16 13 12 21 29 29 21 20 29 14 30 13 12 5 15 14 15 30 21 9
split_gain=30.9444 48.451 29.138 18.909 20.9499 15.7166 14.1434 13.6969 24.306 16.1512 12.4186 11.987 14.0626 11.5837 11.2218 11.1921 10.3666 10.1119 12.9075 9.3477 9.28505 9.08166 7.70006 9.10762 8.36482 8.8176 7.65239 14.9169 7.00897 7.91026 6.3484 12.2654 7.96156 5.66113 5.44345 5.01684 5.584 10.7665 4.49563 6.50025 9.82427 4.68555 4.44924 3.82309 3.63436 3.59377
threshold=9.2812500000000018 0.097680735332368748 53.062500000000007 68.500000000000014 191.56250000000003 1.0000000180025095e-35 7.5000000000000009 5.0000000000000009 30.500000000000004 70.625000000000028 -0.57077231802681661 84.500000000000014 -0.58481178939031186 65.937500000000014 6.5312500000000009 7.3125000000000009 6.0625000000000009 -0.048362832084465616 -0.57782411410281842 1.0000000180025095e-35 15.500000000000002 53.500000000000007 87.500000000000014 -4.6774266980049015 0.19337368024598436 106.87500000000001 67.500000000000014 -5.9402012438865146 98.125000000000014 45.500000000000007 0.40614137006726808 0.75580964594513067 9.5000000000000018 1.5000000000000002 -0.074117382312902977 0.66675463678932945 -0.6391983530350368 -5.9402012438865146 64.375000000000014 82.750000000000014 3.5000000000000004 0.99433622435103453 23.500000000000004 -0.38243420677835349 64.500000000000014 73.687500000000014
decision_type=2 2 2 2 2 2 2 2 2 2 2 2 2 2 2 2 2 2 2 2 2 2 2 2 2 2 2 2 2 2 2 2 2 2 2 2 2 2 2 2 2 2 2 2 2 2
left_child=2 17 5 4 7 33 11 8 13 -9 22 15 -13 -4 42 -6 34 18 28 -12 43 -21 23 24 25 -10 27 38 29 -2 32 -32 -18 -1 -11 -16 37 -37 -3 40 41 -40 -15 -20 -30 -25
right_child=1 26 3 -5 6 -7 -8 9 10 16 19 12 -14 14 35 -17 30 -19 20 21 -22 -23 -24 45 -26 -27 -28 -29 44 -31 31 -33 -34 -35 -36 36 -38 -39 39 -41 -42 -43 -44 -45 -46 -47
leaf_value=-0.048161263117842371 0.011019922640875746 0.02594170542906565 -0.030745975923648552 0.048022871005252231 0.00011596845134336505 0.020531746690105837 -0.031605929706718806 -0.00089474247406313946 0.029085508968875958 0.026276490568277539 0.031219241489178373 0.012427168318459816 -0.033007767758309194 0.031304921107570181 0.010664436324128277 0.044784125636914182 0.05681593649434951 -0.013809296909433378 0.028556090329739894 -0.01935561138153542 0.043577677256065622 0.018090911662477924 0.0066438147698772822 0.034809959201632316 0.043181800670585767 -0.0096793809278404135 0.063857872239218447 0.010223862249671624 0.0035716114062160327 -0.024805754144568114 -0.0014881496926147358 0.041525183186790514 0.027913294106719101 -0.016212691635963266 -0.0043008724948865179 -0.036379051568155067 0.0048579203938592689 0.010102942728489796 0.058048179050361762 0.059054323264206558 0.017914106280755324 0.031509062438614906 0.004082900902904237 0.0042848335365071885 0.029721726928173771 0.061225745531694478
leaf_weight=22.953861862421036 27.537857383489609 38.361390933394432 27.358118608593941 40.602971807122231 28.99196520447731 20.864576429128647 33.355216071009636 47.318011552095413 30.649341106414795 30.93188464641571 25.632010251283646 34.508012518286705 31.888557434082031 37.423339158296585 34.315922513604164 26.170954123139381 60.907883852720261 34.119054213166237 27.129256203770638 38.15575322508812 47.549725070595741 26.638566002249718 32.534832611680031 32.591778889298439 31.740252837538719 26.629632994532585 32.997105970978737 42.696441262960434 27.963889583945274 32.753280937671661 27.094296544790268 41.411305263638496 44.505426436662674 36.912320226430893 26.297101035714149 36.879230797290802 31.963957101106644 18.02099746465683 50.969832256436348 65.958846017718315 41.004351183772087 31.312525734305382 25.187470585107803 39.349584415555 24.866128623485565 30.149553671479225
leaf_count=107 92 107 126 102 106 71 133 149 93 91 76 116 133 119 121 75 148 124 89 139 136 81 102 92 89 90 78 135 98 125 86 113 121 159 91 155 116 66 122 162 115 84 86 142 77 76
internal_value=0 0.0271173 0.0125602 0.0149886 0.0134789 -0.0161431 -0.00326997 0.0168734 0.011766 0.0257109 0.0215424 0.00469969 -0.00956004 -0.000995618 0.00357528 0.021728 0.0311377 0.0112721 0.0150834 0.00627341 0.0268789 -0.00391944 0.0289601 0.0336695 0.0229605 0.0112064 0.0406848 0.037631 0.00306204 -0.00852963 0.0371995 0.0247365 0.0449902 -0.0290524 0.0123934 -0.0053125 -0.0116738 -0.0212136 0.0427051 0.0459489 0.0385187 0.0484483 0.0205902 0.0144661 0.0162035 0.0482651
internal_weight=0 564.569 1040.59 959.854 919.251 80.7308 154.915 764.337 485.871 278.466 274.722 121.559 66.3966 211.149 183.791 55.1629 231.148 261.269 227.15 90.4263 114.029 64.7943 184.295 151.761 89.0192 57.279 303.3 270.303 113.121 60.2911 173.919 68.5056 105.413 59.8662 57.229 121.18 86.8642 54.9002 227.607 189.246 123.287 82.2824 62.6108 66.4788 52.83 62.7413
internal_count=5114 1686 3428 3091 2989 337 563 2426 1627 799 838 430 249 789 663 181 650 883 759 296 367 220 542 440 272 183 803 725 392 217 468 199 269 266 182 458 337 221 590 483 321 206 205 231 175 168
is_linear=0
shrinkage=0.05


end of trees

feature_importances:
Column_13=63
Column_11=54
Column_12=54
Column_29=54
Column_30=52
Column_15=49
Column_16=47
Column_9=44
Column_10=41
Column_14=38
Column_21=38
Column_23=34
Column_19=29
Column_24=25
Column_20=17
Column_22=17
Column_1=12
Column_27=11
Column_17=10
Column_25=8
Column_0=7
Column_3=7
Column_4=7
Column_18=5
Column_28=5
Column_5=4
Column_7=4
Column_31=4
Column_2=2
Column_26=1

parameters:
[boosting: gbdt]
[objective: binary]
[metric: binary_logloss]
[tree_learner: serial]
[device_type: cpu]
[data_sample_strategy: bagging]
[data: ]
[valid: ]
[num_iterations: 800]
[learning_rate: 0.05]
[num_leaves: 63]
[num_threads: -1]
[seed: 42]
[deterministic: 0]
[force_col_wise: 0]
[force_row_wise: 0]
[histogram_pool_size: -1]
[max_depth: -1]
[min_data_in_leaf: 80]
[min_sum_hessian_in_leaf: 0.001]
[bagging_fraction: 0.8]
[pos_bagging_fraction: 1]
[neg_bagging_fraction: 1]
[bagging_freq: 1]
[bagging_seed: 400]
[feature_fraction: 0.8]
[feature_fraction_bynode: 1]
[feature_fraction_seed: 30056]
[extra_trees: 0]
[extra_seed: 12879]
[early_stopping_round: 0]
[early_stopping_min_delta: 0]
[first_metric_only: 0]
[max_delta_step: 0]
[lambda_l1: 0]
[lambda_l2: 1]
[linear_lambda: 0]
[min_gain_to_split: 0]
[drop_rate: 0.1]
[max_drop: 50]
[skip_drop: 0.5]
[xgboost_dart_mode: 0]
[uniform_drop: 0]
[drop_seed: 17869]
[top_rate: 0.2]
[other_rate: 0.1]
[min_data_per_group: 100]
[max_cat_threshold: 32]
[cat_l2: 10]
[cat_smooth: 10]
[max_cat_to_onehot: 4]
[top_k: 20]
[monotone_constraints: ]
[monotone_constraints_method: basic]
[monotone_penalty: 0]
[feature_contri: ]
[forcedsplits_filename: ]
[refit_decay_rate: 0.9]
[cegb_tradeoff: 1]
[cegb_penalty_split: 0]
[cegb_penalty_feature_lazy: ]
[cegb_penalty_feature_coupled: ]
[path_smooth: 0]
[interaction_constraints: ]
[verbosity: 1]
[saved_feature_importance_type: 0]
[use_quantized_grad: 0]
[num_grad_quant_bins: 4]
[quant_train_renew_leaf: 0]
[stochastic_rounding: 1]
[linear_tree: 0]
[max_bin: 255]
[max_bin_by_feature: ]
[min_data_in_bin: 3]
[bin_construct_sample_cnt: 200000]
[data_random_seed: 175]
[is_enable_sparse: 1]
[enable_bundle: 1]
[use_missing: 1]
[zero_as_missing: 0]
[feature_pre_filter: 1]
[pre_partition: 0]
[two_round: 0]
[header: 0]
[label_column: ]
[weight_column: ]
[group_column: ]
[ignore_column: ]
[categorical_feature: ]
[forcedbins_filename: ]
[precise_float_parser: 0]
[parser_config_file: ]
[objective_seed: 16083]
[num_class: 1]
[is_unbalance: 0]
[scale_pos_weight: 1.96812]
[sigmoid: 1]
[boost_from_average: 1]
[reg_sqrt: 0]
[alpha: 0.9]
[fair_c: 1]
[poisson_max_delta_step: 0.7]
[tweedie_variance_power: 1.5]
[lambdarank_truncation_level: 30]
[lambdarank_norm: 1]
[label_gain: ]
[lambdarank_position_bias_regularization: 0]
[eval_at: ]
[multi_error_top_k: 1]
[auc_mu_weights: ]
[num_machines: 1]
[local_listen_port: 12400]
[time_out: 120]
[machine_list_filename: ]
[machines: ]
[gpu_platform_id: -1]
[gpu_device_id: -1]
[gpu_use_dp: 0]
[num_gpu: 1]

end of parameters

pandas_categorical:null
